	Praa	Prab	Prac	Prad	Prae	Praf	Prag	Prah	Prai	Praj	Prak	Pral	Pram	Pran	Prao	Prap	Praq	Prar	Pras	Prat	Prau	Prav	Praw	Prax	Pray	Praz	Prba	Prbb	Prbc	Prbd	Prbe	Prbf	Prbg	Prbh	Prbi	Prbj	Prbk	Prbl	Prbm	Prbn	Syaa	Syab	Syac	Syad	Syae	Syaf	Syag	Syah	Syai	Syaj	Syak	Syal	Syam	Syan	Syao	Syap	Syaq	Syar	Syas	Syat
Praa	0.0	1675.0	1661.0	1726.0	1705.0	1361.0	1695.0	1363.0	1636.0	1487.0	1428.0	1419.0	1420.0	1673.0	1689.0	1424.0	1655.0	1661.0	1714.0	1411.0	1722.0	1690.0	1688.0	1712.0	1723.0	1723.0	1722.0	1481.0	1476.0	1721.0	1427.0	1426.0	1428.0	1420.0	1726.0	1354.0	1354.0	1353.0	1481.0	1422.0	1381.0	1385.0	1380.0	1386.0	1385.0	1379.0	1368.0	1383.0	1385.0	1382.0	1363.0	1388.0	1391.0	1323.0	1339.0	1032.0	1349.0	1241.0	1317.0	1314.0
Prab	1675.0	0.0	1639.0	1677.0	1682.0	1351.0	1669.0	1346.0	1646.0	1475.0	1424.0	1405.0	1413.0	1908.0	1640.0	1420.0	1643.0	1640.0	1650.0	1400.0	1662.0	1669.0	1663.0	1705.0	1676.0	1675.0	1676.0	1472.0	1468.0	1687.0	1423.0	1422.0	1424.0	1412.0	1684.0	1341.0	1341.0	1339.0	1472.0	1418.0	1383.0	1373.0	1378.0	1387.0	1389.0	1377.0	1362.0	1379.0	1389.0	1379.0	1366.0	1374.0	1393.0	1330.0	1345.0	1031.0	1337.0	1231.0	1307.0	1318.0
Prac	1661.0	1639.0	0.0	1716.0	1655.0	1361.0	1664.0	1350.0	1641.0	1476.0	1413.0	1413.0	1431.0	1639.0	1649.0	1409.0	1889.0	1901.0	1705.0	1407.0	1714.0	1670.0	1656.0	1707.0	1701.0	1703.0	1701.0	1475.0	1475.0	1664.0	1412.0	1411.0	1413.0	1431.0	1674.0	1351.0	1351.0	1350.0	1474.0	1407.0	1379.0	1374.0	1362.0	1370.0	1378.0	1371.0	1364.0	1366.0	1375.0	1376.0	1364.0	1370.0	1379.0	1321.0	1338.0	1015.0	1333.0	1229.0	1300.0	1309.0
Prad	1726.0	1677.0	1716.0	0.0	1707.0	1373.0	1701.0	1373.0	1672.0	1491.0	1432.0	1433.0	1432.0	1676.0	1725.0	1428.0	1713.0	1714.0	1748.0	1429.0	1759.0	1700.0	1694.0	1721.0	1746.0	1744.0	1742.0	1486.0	1486.0	1732.0	1432.0	1429.0	1432.0	1432.0	1739.0	1368.0	1368.0	1367.0	1499.0	1426.0	1396.0	1393.0	1384.0	1388.0	1395.0	1394.0	1384.0	1392.0	1396.0	1393.0	1385.0	1392.0	1402.0	1337.0	1353.0	1036.0	1365.0	1251.0	1321.0	1327.0
Prae	1705.0	1682.0	1655.0	1707.0	0.0	1379.0	1703.0	1364.0	1613.0	1488.0	1417.0	1429.0	1415.0	1681.0	1694.0	1413.0	1654.0	1656.0	1679.0	1419.0	1697.0	1727.0	1697.0	1719.0	1707.0	1705.0	1707.0	1485.0	1480.0	1712.0	1416.0	1415.0	1417.0	1415.0	1726.0	1362.0	1362.0	1360.0	1482.0	1411.0	1404.0	1387.0	1379.0	1395.0	1407.0	1394.0	1382.0	1401.0	1403.0	1396.0	1388.0	1378.0	1397.0	1332.0	1348.0	1029.0	1351.0	1252.0	1319.0	1327.0
Praf	1361.0	1351.0	1361.0	1373.0	1379.0	0.0	1372.0	2119.0	1335.0	1431.0	1440.0	1434.0	1432.0	1347.0	1363.0	1435.0	1358.0	1362.0	1345.0	1443.0	1359.0	1385.0	1370.0	1363.0	1365.0	1362.0	1360.0	1434.0	1430.0	1365.0	1440.0	1436.0	1440.0	1433.0	1374.0	2137.0	2135.0	2131.0	1444.0	1434.0	1676.0	1724.0	1681.0	1736.0	1724.0	1727.0	1772.0	1697.0	1679.0	1732.0	1742.0	1732.0	1634.0	1654.0	1644.0	1221.0	1712.0	1567.0	1632.0	1651.0
Prag	1695.0	1669.0	1664.0	1701.0	1703.0	1372.0	0.0	1369.0	1637.0	1497.0	1431.0	1421.0	1433.0	1668.0	1689.0	1427.0	1668.0	1666.0	1665.0	1418.0	1686.0	1737.0	1907.0	1702.0	1702.0	1703.0	1702.0	1497.0	1489.0	1692.0	1431.0	1429.0	1431.0	1433.0	1703.0	1368.0	1367.0	1365.0	1492.0	1426.0	1395.0	1384.0	1380.0	1388.0	1399.0	1393.0	1381.0	1392.0	1396.0	1389.0	1379.0	1392.0	1405.0	1334.0	1353.0	1025.0	1357.0	1242.0	1319.0	1320.0
Prah	1363.0	1346.0	1350.0	1373.0	1364.0	2119.0	1369.0	0.0	1334.0	1425.0	1433.0	1436.0	1422.0	1343.0	1363.0	1428.0	1348.0	1351.0	1345.0	1440.0	1351.0	1373.0	1367.0	1356.0	1356.0	1356.0	1353.0	1424.0	1427.0	1362.0	1433.0	1429.0	1433.0	1423.0	1374.0	2069.0	2066.0	2067.0	1435.0	1427.0	1665.0	1712.0	1681.0	1708.0	1713.0	1717.0	1754.0	1675.0	1673.0	1702.0	1726.0	1718.0	1634.0	1636.0	1639.0	1219.0	1698.0	1554.0	1619.0	1619.0
Prai	1636.0	1646.0	1641.0	1672.0	1613.0	1335.0	1637.0	1334.0	0.0	1460.0	1413.0	1406.0	1422.0	1643.0	1614.0	1408.0	1635.0	1636.0	1656.0	1407.0	1675.0	1619.0	1631.0	1625.0	1659.0	1657.0	1656.0	1461.0	1465.0	1621.0	1412.0	1411.0	1412.0	1421.0	1643.0	1335.0	1335.0	1333.0	1464.0	1407.0	1370.0	1360.0	1350.0	1361.0	1374.0	1362.0	1350.0	1359.0	1368.0	1367.0	1351.0	1378.0	1370.0	1313.0	1345.0	1015.0	1327.0	1230.0	1308.0	1314.0
Praj	1487.0	1475.0	1476.0	1491.0	1488.0	1431.0	1497.0	1425.0	1460.0	0.0	1530.0	1522.0	1517.0	1474.0	1477.0	1525.0	1477.0	1476.0	1467.0	1506.0	1471.0	1499.0	1493.0	1486.0	1492.0	1491.0	1488.0	2024.0	1952.0	1497.0	1525.0	1526.0	1529.0	1517.0	1493.0	1424.0	1424.0	1420.0	1957.0	1523.0	1427.0	1411.0	1421.0	1420.0	1440.0	1431.0	1405.0	1423.0	1431.0	1422.0	1418.0	1413.0	1440.0	1361.0	1385.0	1045.0	1384.0	1280.0	1349.0	1352.0
Prak	1428.0	1424.0	1413.0	1432.0	1417.0	1440.0	1431.0	1433.0	1413.0	1530.0	0.0	1589.0	1657.0	1421.0	1416.0	1891.0	1413.0	1415.0	1404.0	1586.0	1417.0	1429.0	1428.0	1416.0	1429.0	1427.0	1424.0	1539.0	1530.0	1414.0	1896.0	1893.0	1895.0	1659.0	1429.0	1431.0	1430.0	1429.0	1528.0	1891.0	1408.0	1410.0	1403.0	1412.0	1416.0	1411.0	1399.0	1406.0	1415.0	1407.0	1400.0	1388.0	1412.0	1348.0	1370.0	1040.0	1374.0	1270.0	1343.0	1346.0
Pral	1419.0	1405.0	1413.0	1433.0	1429.0	1434.0	1421.0	1436.0	1406.0	1522.0	1589.0	0.0	1592.0	1405.0	1419.0	1585.0	1411.0	1414.0	1402.0	1657.0	1413.0	1433.0	1420.0	1414.0	1420.0	1422.0	1419.0	1519.0	1515.0	1412.0	1586.0	1586.0	1590.0	1594.0	1424.0	1431.0	1430.0	1430.0	1528.0	1584.0	1401.0	1397.0	1395.0	1404.0	1406.0	1407.0	1391.0	1408.0	1398.0	1405.0	1391.0	1386.0	1403.0	1341.0	1366.0	1034.0	1371.0	1264.0	1335.0	1344.0
Pram	1420.0	1413.0	1431.0	1432.0	1415.0	1432.0	1433.0	1422.0	1422.0	1517.0	1657.0	1592.0	0.0	1411.0	1420.0	1654.0	1429.0	1431.0	1404.0	1585.0	1419.0	1430.0	1430.0	1426.0	1430.0	1431.0	1427.0	1529.0	1520.0	1418.0	1656.0	1655.0	1658.0	1908.0	1434.0	1422.0	1420.0	1419.0	1521.0	1652.0	1402.0	1401.0	1394.0	1392.0	1400.0	1403.0	1394.0	1397.0	1397.0	1396.0	1387.0	1383.0	1402.0	1341.0	1369.0	1042.0	1368.0	1266.0	1342.0	1351.0
Pran	1673.0	1908.0	1639.0	1676.0	1681.0	1347.0	1668.0	1343.0	1643.0	1474.0	1421.0	1405.0	1411.0	0.0	1641.0	1418.0	1644.0	1640.0	1648.0	1397.0	1661.0	1667.0	1663.0	1704.0	1676.0	1675.0	1676.0	1471.0	1468.0	1688.0	1421.0	1420.0	1422.0	1410.0	1686.0	1339.0	1339.0	1337.0	1470.0	1416.0	1380.0	1372.0	1375.0	1385.0	1386.0	1374.0	1359.0	1376.0	1386.0	1377.0	1364.0	1372.0	1390.0	1328.0	1342.0	1030.0	1334.0	1230.0	1305.0	1315.0
Prao	1689.0	1640.0	1649.0	1725.0	1694.0	1363.0	1689.0	1363.0	1614.0	1477.0	1416.0	1419.0	1420.0	1641.0	0.0	1411.0	1651.0	1651.0	1670.0	1417.0	1679.0	1678.0	1687.0	1697.0	1703.0	1699.0	1698.0	1478.0	1472.0	1706.0	1415.0	1413.0	1414.0	1420.0	1711.0	1356.0	1356.0	1356.0	1482.0	1410.0	1387.0	1386.0	1378.0	1384.0	1393.0	1393.0	1368.0	1394.0	1393.0	1382.0	1372.0	1377.0	1399.0	1337.0	1348.0	1028.0	1349.0	1240.0	1323.0	1323.0
Prap	1424.0	1420.0	1409.0	1428.0	1413.0	1435.0	1427.0	1428.0	1408.0	1525.0	1891.0	1585.0	1654.0	1418.0	1411.0	0.0	1410.0	1411.0	1400.0	1582.0	1413.0	1425.0	1425.0	1413.0	1424.0	1422.0	1419.0	1535.0	1525.0	1410.0	1902.0	1902.0	1892.0	1656.0	1425.0	1427.0	1426.0	1425.0	1523.0	1906.0	1404.0	1406.0	1399.0	1408.0	1412.0	1407.0	1395.0	1402.0	1411.0	1403.0	1396.0	1384.0	1408.0	1343.0	1366.0	1035.0	1370.0	1268.0	1339.0	1342.0
Praq	1655.0	1643.0	1889.0	1713.0	1654.0	1358.0	1668.0	1348.0	1635.0	1477.0	1413.0	1411.0	1429.0	1644.0	1651.0	1410.0	0.0	1896.0	1699.0	1407.0	1706.0	1671.0	1661.0	1709.0	1699.0	1701.0	1699.0	1477.0	1472.0	1664.0	1413.0	1412.0	1414.0	1429.0	1677.0	1351.0	1351.0	1350.0	1473.0	1408.0	1373.0	1372.0	1358.0	1366.0	1375.0	1366.0	1360.0	1363.0	1372.0	1371.0	1361.0	1366.0	1376.0	1319.0	1337.0	1013.0	1331.0	1227.0	1298.0	1306.0
Prar	1661.0	1640.0	1901.0	1714.0	1656.0	1362.0	1666.0	1351.0	1636.0	1476.0	1415.0	1414.0	1431.0	1640.0	1651.0	1411.0	1896.0	0.0	1706.0	1410.0	1713.0	1673.0	1658.0	1708.0	1701.0	1703.0	1700.0	1476.0	1473.0	1667.0	1414.0	1413.0	1415.0	1431.0	1678.0	1351.0	1351.0	1350.0	1473.0	1409.0	1379.0	1373.0	1361.0	1368.0	1378.0	1370.0	1362.0	1365.0	1374.0	1374.0	1362.0	1372.0	1377.0	1321.0	1336.0	1014.0	1333.0	1230.0	1301.0	1307.0
Pras	1714.0	1650.0	1705.0	1748.0	1679.0	1345.0	1665.0	1345.0	1656.0	1467.0	1404.0	1402.0	1404.0	1648.0	1670.0	1400.0	1699.0	1706.0	0.0	1396.0	1789.0	1671.0	1659.0	1689.0	1725.0	1725.0	1725.0	1471.0	1471.0	1692.0	1403.0	1402.0	1404.0	1404.0	1716.0	1340.0	1340.0	1338.0	1468.0	1398.0	1374.0	1366.0	1367.0	1360.0	1373.0	1364.0	1359.0	1363.0	1370.0	1362.0	1356.0	1368.0	1375.0	1309.0	1331.0	1014.0	1337.0	1227.0	1297.0	1299.0
Prat	1411.0	1400.0	1407.0	1429.0	1419.0	1443.0	1418.0	1440.0	1407.0	1506.0	1586.0	1657.0	1585.0	1397.0	1417.0	1582.0	1407.0	1410.0	1396.0	0.0	1415.0	1425.0	1416.0	1407.0	1411.0	1413.0	1409.0	1506.0	1512.0	1409.0	1585.0	1583.0	1585.0	1586.0	1419.0	1435.0	1434.0	1432.0	1514.0	1581.0	1409.0	1408.0	1406.0	1408.0	1418.0	1414.0	1404.0	1415.0	1407.0	1413.0	1397.0	1396.0	1416.0	1353.0	1377.0	1041.0	1380.0	1277.0	1336.0	1347.0
Prau	1722.0	1662.0	1714.0	1759.0	1697.0	1359.0	1686.0	1351.0	1675.0	1471.0	1417.0	1413.0	1419.0	1661.0	1679.0	1413.0	1706.0	1713.0	1789.0	1415.0	0.0	1681.0	1682.0	1701.0	1729.0	1728.0	1727.0	1475.0	1469.0	1699.0	1416.0	1415.0	1417.0	1419.0	1721.0	1350.0	1350.0	1347.0	1471.0	1411.0	1387.0	1383.0	1373.0	1376.0	1391.0	1378.0	1371.0	1386.0	1380.0	1381.0	1367.0	1391.0	1387.0	1327.0	1342.0	1028.0	1345.0	1235.0	1308.0	1315.0
Prav	1690.0	1669.0	1670.0	1700.0	1727.0	1385.0	1737.0	1373.0	1619.0	1499.0	1429.0	1433.0	1430.0	1667.0	1678.0	1425.0	1671.0	1673.0	1671.0	1425.0	1681.0	0.0	1736.0	1712.0	1699.0	1700.0	1700.0	1494.0	1492.0	1698.0	1429.0	1427.0	1429.0	1430.0	1708.0	1370.0	1369.0	1367.0	1497.0	1424.0	1400.0	1373.0	1383.0	1396.0	1402.0	1399.0	1383.0	1397.0	1400.0	1393.0	1384.0	1388.0	1402.0	1334.0	1355.0	1033.0	1355.0	1253.0	1323.0	1330.0
Praw	1688.0	1663.0	1656.0	1694.0	1697.0	1370.0	1907.0	1367.0	1631.0	1493.0	1428.0	1420.0	1430.0	1663.0	1687.0	1425.0	1661.0	1658.0	1659.0	1416.0	1682.0	1736.0	0.0	1700.0	1697.0	1699.0	1697.0	1493.0	1486.0	1686.0	1429.0	1427.0	1429.0	1430.0	1697.0	1366.0	1365.0	1364.0	1489.0	1424.0	1391.0	1381.0	1377.0	1384.0	1395.0	1390.0	1377.0	1389.0	1391.0	1387.0	1376.0	1389.0	1400.0	1330.0	1348.0	1023.0	1352.0	1239.0	1316.0	1316.0
Prax	1712.0	1705.0	1707.0	1721.0	1719.0	1363.0	1702.0	1356.0	1625.0	1486.0	1416.0	1414.0	1426.0	1704.0	1697.0	1413.0	1709.0	1708.0	1689.0	1407.0	1701.0	1712.0	1700.0	0.0	1713.0	1714.0	1714.0	1486.0	1477.0	1734.0	1416.0	1415.0	1417.0	1426.0	1748.0	1354.0	1354.0	1352.0	1476.0	1411.0	1397.0	1381.0	1385.0	1389.0	1399.0	1392.0	1385.0	1387.0	1397.0	1390.0	1385.0	1380.0	1402.0	1350.0	1363.0	1036.0	1356.0	1245.0	1322.0	1326.0
Pray	1723.0	1676.0	1701.0	1746.0	1707.0	1365.0	1702.0	1356.0	1659.0	1492.0	1429.0	1420.0	1430.0	1676.0	1703.0	1424.0	1699.0	1701.0	1725.0	1411.0	1729.0	1699.0	1697.0	1713.0	0.0	1883.0	1884.0	1491.0	1494.0	1723.0	1428.0	1426.0	1428.0	1430.0	1734.0	1359.0	1360.0	1357.0	1485.0	1423.0	1388.0	1385.0	1384.0	1382.0	1393.0	1380.0	1377.0	1387.0	1387.0	1385.0	1378.0	1383.0	1397.0	1335.0	1353.0	1032.0	1351.0	1248.0	1321.0	1319.0
Praz	1723.0	1675.0	1703.0	1744.0	1705.0	1362.0	1703.0	1356.0	1657.0	1491.0	1427.0	1422.0	1431.0	1675.0	1699.0	1422.0	1701.0	1703.0	1725.0	1413.0	1728.0	1700.0	1699.0	1714.0	1883.0	0.0	1891.0	1492.0	1494.0	1722.0	1426.0	1424.0	1426.0	1431.0	1728.0	1361.0	1360.0	1358.0	1486.0	1421.0	1386.0	1386.0	1386.0	1383.0	1395.0	1381.0	1378.0	1385.0	1387.0	1386.0	1378.0	1385.0	1397.0	1330.0	1349.0	1034.0	1353.0	1249.0	1323.0	1323.0
Prba	1722.0	1676.0	1701.0	1742.0	1707.0	1360.0	1702.0	1353.0	1656.0	1488.0	1424.0	1419.0	1427.0	1676.0	1698.0	1419.0	1699.0	1700.0	1725.0	1409.0	1727.0	1700.0	1697.0	1714.0	1884.0	1891.0	0.0	1489.0	1491.0	1722.0	1423.0	1421.0	1423.0	1427.0	1727.0	1359.0	1359.0	1356.0	1484.0	1418.0	1385.0	1384.0	1383.0	1381.0	1394.0	1378.0	1377.0	1382.0	1386.0	1384.0	1376.0	1382.0	1396.0	1328.0	1348.0	1034.0	1350.0	1246.0	1320.0	1321.0
Prbb	1481.0	1472.0	1475.0	1486.0	1485.0	1434.0	1497.0	1424.0	1461.0	2024.0	1539.0	1519.0	1529.0	1471.0	1478.0	1535.0	1477.0	1476.0	1471.0	1506.0	1475.0	1494.0	1493.0	1486.0	1491.0	1492.0	1489.0	0.0	1943.0	1489.0	1533.0	1536.0	1539.0	1529.0	1500.0	1421.0	1420.0	1416.0	1946.0	1532.0	1435.0	1424.0	1422.0	1427.0	1446.0	1436.0	1413.0	1426.0	1435.0	1424.0	1415.0	1408.0	1442.0	1364.0	1385.0	1047.0	1384.0	1284.0	1351.0	1352.0
Prbc	1476.0	1468.0	1475.0	1486.0	1480.0	1430.0	1489.0	1427.0	1465.0	1952.0	1530.0	1515.0	1520.0	1468.0	1472.0	1525.0	1472.0	1473.0	1471.0	1512.0	1469.0	1492.0	1486.0	1477.0	1494.0	1494.0	1491.0	1943.0	0.0	1501.0	1528.0	1526.0	1530.0	1520.0	1496.0	1430.0	1429.0	1426.0	1907.0	1524.0	1431.0	1429.0	1428.0	1425.0	1441.0	1435.0	1413.0	1435.0	1439.0	1429.0	1427.0	1427.0	1444.0	1373.0	1392.0	1043.0	1377.0	1285.0	1357.0	1361.0
Prbd	1721.0	1687.0	1664.0	1732.0	1712.0	1365.0	1692.0	1362.0	1621.0	1497.0	1414.0	1412.0	1418.0	1688.0	1706.0	1410.0	1664.0	1667.0	1692.0	1409.0	1699.0	1698.0	1686.0	1734.0	1723.0	1722.0	1722.0	1489.0	1501.0	0.0	1413.0	1412.0	1414.0	1418.0	1737.0	1362.0	1362.0	1360.0	1489.0	1408.0	1403.0	1396.0	1390.0	1403.0	1408.0	1400.0	1390.0	1399.0	1410.0	1399.0	1392.0	1399.0	1413.0	1353.0	1365.0	1046.0	1353.0	1254.0	1330.0	1337.0
Prbe	1427.0	1423.0	1412.0	1432.0	1416.0	1440.0	1431.0	1433.0	1412.0	1525.0	1896.0	1586.0	1656.0	1421.0	1415.0	1902.0	1413.0	1414.0	1403.0	1585.0	1416.0	1429.0	1429.0	1416.0	1428.0	1426.0	1423.0	1533.0	1528.0	1413.0	0.0	1904.0	1898.0	1658.0	1428.0	1432.0	1431.0	1430.0	1523.0	1902.0	1408.0	1410.0	1403.0	1412.0	1416.0	1411.0	1399.0	1406.0	1415.0	1407.0	1400.0	1388.0	1412.0	1347.0	1370.0	1039.0	1374.0	1272.0	1343.0	1346.0
Prbf	1426.0	1422.0	1411.0	1429.0	1415.0	1436.0	1429.0	1429.0	1411.0	1526.0	1893.0	1586.0	1655.0	1420.0	1413.0	1902.0	1412.0	1413.0	1402.0	1583.0	1415.0	1427.0	1427.0	1415.0	1426.0	1424.0	1421.0	1536.0	1526.0	1412.0	1904.0	0.0	1895.0	1657.0	1427.0	1428.0	1427.0	1426.0	1524.0	1902.0	1406.0	1408.0	1400.0	1410.0	1414.0	1408.0	1396.0	1404.0	1412.0	1405.0	1397.0	1386.0	1409.0	1344.0	1367.0	1037.0	1371.0	1270.0	1340.0	1344.0
Prbg	1428.0	1424.0	1413.0	1432.0	1417.0	1440.0	1431.0	1433.0	1412.0	1529.0	1895.0	1590.0	1658.0	1422.0	1414.0	1892.0	1414.0	1415.0	1404.0	1585.0	1417.0	1429.0	1429.0	1417.0	1428.0	1426.0	1423.0	1539.0	1530.0	1414.0	1898.0	1895.0	0.0	1660.0	1429.0	1432.0	1431.0	1430.0	1528.0	1892.0	1409.0	1410.0	1404.0	1413.0	1417.0	1412.0	1400.0	1407.0	1415.0	1408.0	1401.0	1389.0	1412.0	1348.0	1371.0	1040.0	1375.0	1272.0	1344.0	1347.0
Prbh	1420.0	1412.0	1431.0	1432.0	1415.0	1433.0	1433.0	1423.0	1421.0	1517.0	1659.0	1594.0	1908.0	1410.0	1420.0	1656.0	1429.0	1431.0	1404.0	1586.0	1419.0	1430.0	1430.0	1426.0	1430.0	1431.0	1427.0	1529.0	1520.0	1418.0	1658.0	1657.0	1660.0	0.0	1434.0	1423.0	1421.0	1420.0	1521.0	1654.0	1401.0	1401.0	1394.0	1391.0	1399.0	1403.0	1394.0	1397.0	1396.0	1395.0	1386.0	1382.0	1402.0	1340.0	1369.0	1042.0	1368.0	1266.0	1342.0	1350.0
Prbi	1726.0	1684.0	1674.0	1739.0	1726.0	1374.0	1703.0	1374.0	1643.0	1493.0	1429.0	1424.0	1434.0	1686.0	1711.0	1425.0	1677.0	1678.0	1716.0	1419.0	1721.0	1708.0	1697.0	1748.0	1734.0	1728.0	1727.0	1500.0	1496.0	1737.0	1428.0	1427.0	1429.0	1434.0	0.0	1363.0	1363.0	1361.0	1492.0	1423.0	1397.0	1389.0	1397.0	1398.0	1400.0	1399.0	1381.0	1400.0	1401.0	1393.0	1381.0	1387.0	1410.0	1342.0	1354.0	1032.0	1354.0	1250.0	1320.0	1329.0
Prbj	1354.0	1341.0	1351.0	1368.0	1362.0	2137.0	1368.0	2069.0	1335.0	1424.0	1431.0	1431.0	1422.0	1339.0	1356.0	1427.0	1351.0	1351.0	1340.0	1435.0	1350.0	1370.0	1366.0	1354.0	1359.0	1361.0	1359.0	1421.0	1430.0	1362.0	1432.0	1428.0	1432.0	1423.0	1363.0	0.0	2632.0	2612.0	1431.0	1426.0	1650.0	1719.0	1673.0	1707.0	1702.0	1706.0	1751.0	1676.0	1652.0	1709.0	1732.0	1732.0	1622.0	1640.0	1641.0	1221.0	1688.0	1556.0	1617.0	1636.0
Prbk	1354.0	1341.0	1351.0	1368.0	1362.0	2135.0	1367.0	2066.0	1335.0	1424.0	1430.0	1430.0	1420.0	1339.0	1356.0	1426.0	1351.0	1351.0	1340.0	1434.0	1350.0	1369.0	1365.0	1354.0	1360.0	1360.0	1359.0	1420.0	1429.0	1362.0	1431.0	1427.0	1431.0	1421.0	1363.0	2632.0	0.0	2616.0	1431.0	1425.0	1649.0	1721.0	1673.0	1706.0	1702.0	1706.0	1753.0	1676.0	1652.0	1709.0	1731.0	1735.0	1623.0	1640.0	1641.0	1219.0	1687.0	1555.0	1617.0	1635.0
Prbl	1353.0	1339.0	1350.0	1367.0	1360.0	2131.0	1365.0	2067.0	1333.0	1420.0	1429.0	1430.0	1419.0	1337.0	1356.0	1425.0	1350.0	1350.0	1338.0	1432.0	1347.0	1367.0	1364.0	1352.0	1357.0	1358.0	1356.0	1416.0	1426.0	1360.0	1430.0	1426.0	1430.0	1420.0	1361.0	2612.0	2616.0	0.0	1426.0	1424.0	1645.0	1717.0	1669.0	1702.0	1699.0	1701.0	1749.0	1672.0	1647.0	1706.0	1729.0	1730.0	1619.0	1639.0	1640.0	1219.0	1684.0	1553.0	1616.0	1634.0
Prbm	1481.0	1472.0	1474.0	1499.0	1482.0	1444.0	1492.0	1435.0	1464.0	1957.0	1528.0	1528.0	1521.0	1470.0	1482.0	1523.0	1473.0	1473.0	1468.0	1514.0	1471.0	1497.0	1489.0	1476.0	1485.0	1486.0	1484.0	1946.0	1907.0	1489.0	1523.0	1524.0	1528.0	1521.0	1492.0	1431.0	1431.0	1426.0	0.0	1521.0	1429.0	1422.0	1426.0	1432.0	1446.0	1443.0	1415.0	1435.0	1438.0	1438.0	1424.0	1415.0	1449.0	1368.0	1391.0	1046.0	1390.0	1287.0	1361.0	1365.0
Prbn	1422.0	1418.0	1407.0	1426.0	1411.0	1434.0	1426.0	1427.0	1407.0	1523.0	1891.0	1584.0	1652.0	1416.0	1410.0	1906.0	1408.0	1409.0	1398.0	1581.0	1411.0	1424.0	1424.0	1411.0	1423.0	1421.0	1418.0	1532.0	1524.0	1408.0	1902.0	1902.0	1892.0	1654.0	1423.0	1426.0	1425.0	1424.0	1521.0	0.0	1402.0	1404.0	1397.0	1406.0	1410.0	1405.0	1393.0	1400.0	1409.0	1401.0	1394.0	1382.0	1406.0	1341.0	1364.0	1033.0	1368.0	1266.0	1337.0	1340.0
Syaa	1381.0	1383.0	1379.0	1396.0	1404.0	1676.0	1395.0	1665.0	1370.0	1427.0	1408.0	1401.0	1402.0	1380.0	1387.0	1404.0	1373.0	1379.0	1374.0	1409.0	1387.0	1400.0	1391.0	1397.0	1388.0	1386.0	1385.0	1435.0	1431.0	1403.0	1408.0	1406.0	1409.0	1401.0	1397.0	1650.0	1649.0	1645.0	1429.0	1402.0	0.0	1900.0	1994.0	2051.0	2130.0	2047.0	1947.0	1993.0	2068.0	2061.0	1963.0	1911.0	1985.0	1770.0	1795.0	1297.0	1872.0	1756.0	1777.0	1755.0
Syab	1385.0	1373.0	1374.0	1393.0	1387.0	1724.0	1384.0	1712.0	1360.0	1411.0	1410.0	1397.0	1401.0	1372.0	1386.0	1406.0	1372.0	1373.0	1366.0	1408.0	1383.0	1373.0	1381.0	1381.0	1385.0	1386.0	1384.0	1424.0	1429.0	1396.0	1410.0	1408.0	1410.0	1401.0	1389.0	1719.0	1721.0	1717.0	1422.0	1404.0	1900.0	0.0	1949.0	1946.0	1944.0	2001.0	2030.0	1947.0	1908.0	1947.0	2053.0	2207.0	1869.0	1823.0	1835.0	1313.0	1881.0	1720.0	1776.0	1783.0
Syac	1380.0	1378.0	1362.0	1384.0	1379.0	1681.0	1380.0	1681.0	1350.0	1421.0	1403.0	1395.0	1394.0	1375.0	1378.0	1399.0	1358.0	1361.0	1367.0	1406.0	1373.0	1383.0	1377.0	1385.0	1384.0	1386.0	1383.0	1422.0	1428.0	1390.0	1403.0	1400.0	1404.0	1394.0	1397.0	1673.0	1673.0	1669.0	1426.0	1397.0	1994.0	1949.0	0.0	2011.0	2029.0	2005.0	1920.0	2188.0	2001.0	2001.0	1911.0	1935.0	1939.0	1715.0	1736.0	1244.0	1795.0	1724.0	1706.0	1681.0
Syad	1386.0	1387.0	1370.0	1388.0	1395.0	1736.0	1388.0	1708.0	1361.0	1420.0	1412.0	1404.0	1392.0	1385.0	1384.0	1408.0	1366.0	1368.0	1360.0	1408.0	1376.0	1396.0	1384.0	1389.0	1382.0	1383.0	1381.0	1427.0	1425.0	1403.0	1412.0	1410.0	1413.0	1391.0	1398.0	1707.0	1706.0	1702.0	1432.0	1406.0	2051.0	1946.0	2011.0	0.0	2147.0	2046.0	1980.0	1992.0	2074.0	2411.0	1994.0	1949.0	1931.0	1792.0	1795.0	1296.0	1881.0	1754.0	1792.0	1782.0
Syae	1385.0	1389.0	1378.0	1395.0	1407.0	1724.0	1399.0	1713.0	1374.0	1440.0	1416.0	1406.0	1400.0	1386.0	1393.0	1412.0	1375.0	1378.0	1373.0	1418.0	1391.0	1402.0	1395.0	1399.0	1393.0	1395.0	1394.0	1446.0	1441.0	1408.0	1416.0	1414.0	1417.0	1399.0	1400.0	1702.0	1702.0	1699.0	1446.0	1410.0	2130.0	1944.0	2029.0	2147.0	0.0	2077.0	2001.0	2042.0	2073.0	2149.0	2035.0	1999.0	1984.0	1787.0	1816.0	1318.0	1897.0	1770.0	1789.0	1769.0
Syaf	1379.0	1377.0	1371.0	1394.0	1394.0	1727.0	1393.0	1717.0	1362.0	1431.0	1411.0	1407.0	1403.0	1374.0	1393.0	1407.0	1366.0	1370.0	1364.0	1414.0	1378.0	1399.0	1390.0	1392.0	1380.0	1381.0	1378.0	1436.0	1435.0	1400.0	1411.0	1408.0	1412.0	1403.0	1399.0	1706.0	1706.0	1701.0	1443.0	1405.0	2047.0	2001.0	2005.0	2046.0	2077.0	0.0	2013.0	2014.0	2188.0	2042.0	2008.0	1967.0	2058.0	1815.0	1822.0	1312.0	1874.0	1772.0	1802.0	1777.0
Syag	1368.0	1362.0	1364.0	1384.0	1382.0	1772.0	1381.0	1754.0	1350.0	1405.0	1399.0	1391.0	1394.0	1359.0	1368.0	1395.0	1360.0	1362.0	1359.0	1404.0	1371.0	1383.0	1377.0	1385.0	1377.0	1378.0	1377.0	1413.0	1413.0	1390.0	1399.0	1396.0	1400.0	1394.0	1381.0	1751.0	1753.0	1749.0	1415.0	1393.0	1947.0	2030.0	1920.0	1980.0	2001.0	2013.0	0.0	1936.0	1964.0	1973.0	2058.0	2057.0	1904.0	1873.0	1886.0	1352.0	1976.0	1753.0	1803.0	1803.0
Syah	1383.0	1379.0	1366.0	1392.0	1401.0	1697.0	1392.0	1675.0	1359.0	1423.0	1406.0	1408.0	1397.0	1376.0	1394.0	1402.0	1363.0	1365.0	1363.0	1415.0	1386.0	1397.0	1389.0	1387.0	1387.0	1385.0	1382.0	1426.0	1435.0	1399.0	1406.0	1404.0	1407.0	1397.0	1400.0	1676.0	1676.0	1672.0	1435.0	1400.0	1993.0	1947.0	2188.0	1992.0	2042.0	2014.0	1936.0	0.0	2025.0	2004.0	1913.0	1943.0	1945.0	1707.0	1742.0	1253.0	1782.0	1736.0	1707.0	1686.0
Syai	1385.0	1389.0	1375.0	1396.0	1403.0	1679.0	1396.0	1673.0	1368.0	1431.0	1415.0	1398.0	1397.0	1386.0	1393.0	1411.0	1372.0	1374.0	1370.0	1407.0	1380.0	1400.0	1391.0	1397.0	1387.0	1387.0	1386.0	1435.0	1439.0	1410.0	1415.0	1412.0	1415.0	1396.0	1401.0	1652.0	1652.0	1647.0	1438.0	1409.0	2068.0	1908.0	2001.0	2074.0	2073.0	2188.0	1964.0	2025.0	0.0	2080.0	1954.0	1905.0	2113.0	1758.0	1800.0	1277.0	1825.0	1725.0	1761.0	1733.0
Syaj	1382.0	1379.0	1376.0	1393.0	1396.0	1732.0	1389.0	1702.0	1367.0	1422.0	1407.0	1405.0	1396.0	1377.0	1382.0	1403.0	1371.0	1374.0	1362.0	1413.0	1381.0	1393.0	1387.0	1390.0	1385.0	1386.0	1384.0	1424.0	1429.0	1399.0	1407.0	1405.0	1408.0	1395.0	1393.0	1709.0	1709.0	1706.0	1438.0	1401.0	2061.0	1947.0	2001.0	2411.0	2149.0	2042.0	1973.0	2004.0	2080.0	0.0	1976.0	1945.0	1933.0	1793.0	1791.0	1304.0	1891.0	1743.0	1785.0	1782.0
Syak	1363.0	1366.0	1364.0	1385.0	1388.0	1742.0	1379.0	1726.0	1351.0	1418.0	1400.0	1391.0	1387.0	1364.0	1372.0	1396.0	1361.0	1362.0	1356.0	1397.0	1367.0	1384.0	1376.0	1385.0	1378.0	1378.0	1376.0	1415.0	1427.0	1392.0	1400.0	1397.0	1401.0	1386.0	1381.0	1732.0	1731.0	1729.0	1424.0	1394.0	1963.0	2053.0	1911.0	1994.0	2035.0	2008.0	2058.0	1913.0	1954.0	1976.0	0.0	2094.0	1889.0	1887.0	1889.0	1364.0	1982.0	1781.0	1863.0	1838.0
Syal	1388.0	1374.0	1370.0	1392.0	1378.0	1732.0	1392.0	1718.0	1378.0	1413.0	1388.0	1386.0	1383.0	1372.0	1377.0	1384.0	1366.0	1372.0	1368.0	1396.0	1391.0	1388.0	1389.0	1380.0	1383.0	1385.0	1382.0	1408.0	1427.0	1399.0	1388.0	1386.0	1389.0	1382.0	1387.0	1732.0	1735.0	1730.0	1415.0	1382.0	1911.0	2207.0	1935.0	1949.0	1999.0	1967.0	2057.0	1943.0	1905.0	1945.0	2094.0	0.0	1867.0	1846.0	1867.0	1345.0	1910.0	1750.0	1804.0	1817.0
Syam	1391.0	1393.0	1379.0	1402.0	1397.0	1634.0	1405.0	1634.0	1370.0	1440.0	1412.0	1403.0	1402.0	1390.0	1399.0	1408.0	1376.0	1377.0	1375.0	1416.0	1387.0	1402.0	1400.0	1402.0	1397.0	1397.0	1396.0	1442.0	1444.0	1413.0	1412.0	1409.0	1412.0	1402.0	1410.0	1622.0	1623.0	1619.0	1449.0	1406.0	1985.0	1869.0	1939.0	1931.0	1984.0	2058.0	1904.0	1945.0	2113.0	1933.0	1889.0	1867.0	0.0	1726.0	1759.0	1256.0	1776.0	1667.0	1682.0	1670.0
Syan	1323.0	1330.0	1321.0	1337.0	1332.0	1654.0	1334.0	1636.0	1313.0	1361.0	1348.0	1341.0	1341.0	1328.0	1337.0	1343.0	1319.0	1321.0	1309.0	1353.0	1327.0	1334.0	1330.0	1350.0	1335.0	1330.0	1328.0	1364.0	1373.0	1353.0	1347.0	1344.0	1348.0	1340.0	1342.0	1640.0	1640.0	1639.0	1368.0	1341.0	1770.0	1823.0	1715.0	1792.0	1787.0	1815.0	1873.0	1707.0	1758.0	1793.0	1887.0	1846.0	1726.0	0.0	2078.0	1439.0	1924.0	1907.0	1973.0	1989.0
Syao	1339.0	1345.0	1338.0	1353.0	1348.0	1644.0	1353.0	1639.0	1345.0	1385.0	1370.0	1366.0	1369.0	1342.0	1348.0	1366.0	1337.0	1336.0	1331.0	1377.0	1342.0	1355.0	1348.0	1363.0	1353.0	1349.0	1348.0	1385.0	1392.0	1365.0	1370.0	1367.0	1371.0	1369.0	1354.0	1641.0	1641.0	1640.0	1391.0	1364.0	1795.0	1835.0	1736.0	1795.0	1816.0	1822.0	1886.0	1742.0	1800.0	1791.0	1889.0	1867.0	1759.0	2078.0	0.0	1415.0	1832.0	1822.0	1895.0	1885.0
Syap	1032.0	1031.0	1015.0	1036.0	1029.0	1221.0	1025.0	1219.0	1015.0	1045.0	1040.0	1034.0	1042.0	1030.0	1028.0	1035.0	1013.0	1014.0	1014.0	1041.0	1028.0	1033.0	1023.0	1036.0	1032.0	1034.0	1034.0	1047.0	1043.0	1046.0	1039.0	1037.0	1040.0	1042.0	1032.0	1221.0	1219.0	1219.0	1046.0	1033.0	1297.0	1313.0	1244.0	1296.0	1318.0	1312.0	1352.0	1253.0	1277.0	1304.0	1364.0	1345.0	1256.0	1439.0	1415.0	0.0	1366.0	1462.0	1505.0	1521.0
Syaq	1349.0	1337.0	1333.0	1365.0	1351.0	1712.0	1357.0	1698.0	1327.0	1384.0	1374.0	1371.0	1368.0	1334.0	1349.0	1370.0	1331.0	1333.0	1337.0	1380.0	1345.0	1355.0	1352.0	1356.0	1351.0	1353.0	1350.0	1384.0	1377.0	1353.0	1374.0	1371.0	1375.0	1368.0	1354.0	1688.0	1687.0	1684.0	1390.0	1368.0	1872.0	1881.0	1795.0	1881.0	1897.0	1874.0	1976.0	1782.0	1825.0	1891.0	1982.0	1910.0	1776.0	1924.0	1832.0	1366.0	0.0	1802.0	1855.0	1888.0
Syar	1241.0	1231.0	1229.0	1251.0	1252.0	1567.0	1242.0	1554.0	1230.0	1280.0	1270.0	1264.0	1266.0	1230.0	1240.0	1268.0	1227.0	1230.0	1227.0	1277.0	1235.0	1253.0	1239.0	1245.0	1248.0	1249.0	1246.0	1284.0	1285.0	1254.0	1272.0	1270.0	1272.0	1266.0	1250.0	1556.0	1555.0	1553.0	1287.0	1266.0	1756.0	1720.0	1724.0	1754.0	1770.0	1772.0	1753.0	1736.0	1725.0	1743.0	1781.0	1750.0	1667.0	1907.0	1822.0	1462.0	1802.0	0.0	2036.0	2116.0
Syas	1317.0	1307.0	1300.0	1321.0	1319.0	1632.0	1319.0	1619.0	1308.0	1349.0	1343.0	1335.0	1342.0	1305.0	1323.0	1339.0	1298.0	1301.0	1297.0	1336.0	1308.0	1323.0	1316.0	1322.0	1321.0	1323.0	1320.0	1351.0	1357.0	1330.0	1343.0	1340.0	1344.0	1342.0	1320.0	1617.0	1617.0	1616.0	1361.0	1337.0	1777.0	1776.0	1706.0	1792.0	1789.0	1802.0	1803.0	1707.0	1761.0	1785.0	1863.0	1804.0	1682.0	1973.0	1895.0	1505.0	1855.0	2036.0	0.0	2104.0
Syat	1314.0	1318.0	1309.0	1327.0	1327.0	1651.0	1320.0	1619.0	1314.0	1352.0	1346.0	1344.0	1351.0	1315.0	1323.0	1342.0	1306.0	1307.0	1299.0	1347.0	1315.0	1330.0	1316.0	1326.0	1319.0	1323.0	1321.0	1352.0	1361.0	1337.0	1346.0	1344.0	1347.0	1350.0	1329.0	1636.0	1635.0	1634.0	1365.0	1340.0	1755.0	1783.0	1681.0	1782.0	1769.0	1777.0	1803.0	1686.0	1733.0	1782.0	1838.0	1817.0	1670.0	1989.0	1885.0	1521.0	1888.0	2116.0	2104.0	0.0
