Orthogroup	Prbn	Prbk
OG0000000	Prbn.g_01483, Prbn.g_01478	Prbk.g_02574
OG0000000	Prbn.g_01586, Prbn.g_00879, Prbn.g_01159, Prbn.g_01234, Prbn.g_01161, Prbn.g_01154	Prbk.g_01649
OG0000002	Prbn.g_01213	Prbk.g_00561, Prbk.g_02701, Prbk.g_00630, Prbk.g_01196, Prbk.g_00170
OG0000003	Prbn.g_01151	Prbk.g_00166
OG0000004	Prbn.g_01110	Prbk.g_01701, Prbk.g_00304, Prbk.g_00355
OG0000006	Prbn.g_01745	Prbk.g_00907
OG0000007	Prbn.g_01645, Prbn.g_01646	Prbk.g_01820, Prbk.g_01819
OG0000009	Prbn.g_01165, Prbn.g_00015	Prbk.g_01004
OG0000011	Prbn.g_00690	Prbk.g_02565
OG0000012	Prbn.g_00510	Prbk.g_01150
OG0000012	Prbn.g_00517	Prbk.g_01142
OG0000013	Prbn.g_01730	Prbk.g_02558
OG0000016	Prbn.g_01135	Prbk.g_01746
OG0000016	Prbn.g_00885	Prbk.g_01786
OG0000017	Prbn.g_01690, Prbn.g_00233	Prbk.g_01230
OG0000018	Prbn.g_00308	Prbk.g_02695
OG0000019	Prbn.g_01560	Prbk.g_01137
OG0000020	Prbn.g_01097	Prbk.g_00405
OG0000024	Prbn.g_00074	Prbk.g_00454
OG0000026	Prbn.g_00130	Prbk.g_01613
OG0000028	Prbn.g_00212	Prbk.g_00259
OG0000031	Prbn.g_00809	Prbk.g_01709
OG0000032	Prbn.g_00171	Prbk.g_00534, Prbk.g_00539
OG0000034	Prbn.g_00724	Prbk.g_00499
OG0000036	Prbn.g_00530, Prbn.g_01734	Prbk.g_01122
OG0000037	Prbn.g_00492, Prbn.g_00867	Prbk.g_02610
OG0000038	Prbn.g_00891	Prbk.g_01667
OG0000039	Prbn.g_01247	Prbk.g_00773
OG0000040	Prbn.g_01030	Prbk.g_02448
OG0000042	Prbn.g_01554	Prbk.g_00619, Prbk.g_01835
OG0000043	Prbn.g_01454	Prbk.g_01642, Prbk.g_01644
OG0000044	Prbn.g_01189	Prbk.g_01019
OG0000045	Prbn.g_00172	Prbk.g_00479
OG0000046	Prbn.g_00144, Prbn.g_01737	Prbk.g_00919
OG0000047	Prbn.g_00996	Prbk.g_00237
OG0000048	Prbn.g_00988	Prbk.g_01495, Prbk.g_00140
OG0000050	Prbn.g_00750	Prbk.g_01617
OG0000051	Prbn.g_01256	Prbk.g_00764
OG0000052	Prbn.g_00829	Prbk.g_00925
OG0000053	Prbn.g_00577	Prbk.g_01094
OG0000054	Prbn.g_00475	Prbk.g_01468
OG0000055	Prbn.g_01523	Prbk.g_02493
OG0000056	Prbn.g_01133	Prbk.g_00694
OG0000058	Prbn.g_00639	Prbk.g_02113
OG0000059	Prbn.g_01562	Prbk.g_01765
OG0000062	Prbn.g_01650	Prbk.g_02195
OG0000063	Prbn.g_00389	Prbk.g_01496
OG0000065	Prbn.g_01084	Prbk.g_01183
OG0000066	Prbn.g_00170	Prbk.g_00477
OG0000068	Prbn.g_01881	Prbk.g_00796, Prbk.g_00944
OG0000069	Prbn.g_00251	Prbk.g_01209
OG0000071	Prbn.g_00002, Prbn.g_00003	Prbk.g_02290
OG0000072	Prbn.g_00088	Prbk.g_00472
OG0000073	Prbn.g_00845	Prbk.g_00709
OG0000074	Prbn.g_01572	Prbk.g_01815
OG0000075	Prbn.g_01539	Prbk.g_02475
OG0000076	Prbn.g_01471	Prbk.g_00056
OG0000078	Prbn.g_00173	Prbk.g_00476
OG0000079	Prbn.g_00897	Prbk.g_00931
OG0000080	Prbn.g_00803	Prbk.g_02012
OG0000081	Prbn.g_01915	Prbk.g_00512
OG0000082	Prbn.g_00798	Prbk.g_02204
OG0000083	Prbn.g_00011	Prbk.g_02281
OG0000084	Prbn.g_00008	Prbk.g_02284
OG0000085	Prbn.g_00759	Prbk.g_01626
OG0000087	Prbn.g_00730	Prbk.g_02126
OG0000088	Prbn.g_01304	Prbk.g_00191
OG0000089	Prbn.g_01295	Prbk.g_00206
OG0000090	Prbn.g_01278	Prbk.g_00559
OG0000091	Prbn.g_01244	Prbk.g_00776
OG0000092	Prbn.g_00384, Prbn.g_01243	Prbk.g_00777
OG0000093	Prbn.g_00370	Prbk.g_01280
OG0000094	Prbn.g_00351	Prbk.g_01251
OG0000095	Prbn.g_00346	Prbk.g_00632
OG0000096	Prbn.g_00017	Prbk.g_01001
OG0000097	Prbn.g_00041	Prbk.g_00409
OG0000098	Prbn.g_00052	Prbk.g_00422
OG0000099	Prbn.g_00062	Prbk.g_00434
OG0000100	Prbn.g_00065	Prbk.g_00438
OG0000101	Prbn.g_00694	Prbk.g_00361
OG0000102	Prbn.g_01102	Prbk.g_02209
OG0000103	Prbn.g_00638	Prbk.g_02114
OG0000104	Prbn.g_00634	Prbk.g_02061
OG0000105	Prbn.g_00614	Prbk.g_01862
OG0000106	Prbn.g_00584	Prbk.g_01078
OG0000107	Prbn.g_00583	Prbk.g_01080
OG0000108	Prbn.g_00573	Prbk.g_02684
OG0000109	Prbn.g_00564	Prbk.g_01890
OG0000110	Prbn.g_00547	Prbk.g_01871
OG0000111	Prbn.g_00443	Prbk.g_00740
OG0000112	Prbn.g_00444	Prbk.g_00739
OG0000113	Prbn.g_01351	Prbk.g_02370
OG0000114	Prbn.g_01548	Prbk.g_02466
OG0000115	Prbn.g_01418	Prbk.g_02324
OG0000116	Prbn.g_01414	Prbk.g_02316
OG0000117	Prbn.g_01468	Prbk.g_00059
OG0000118	Prbn.g_01144	Prbk.g_02271
OG0000119	Prbn.g_01653	Prbk.g_02197
OG0000120	Prbn.g_01195	Prbk.g_00144
OG0000121	Prbn.g_00391	Prbk.g_00138
OG0000122	Prbn.g_00411	Prbk.g_00185
OG0000123	Prbn.g_00482	Prbk.g_00121
OG0000124	Prbn.g_00886	Prbk.g_00066
OG0000125	Prbn.g_01071	Prbk.g_01169
OG0000126	Prbn.g_01240	Prbk.g_02052
OG0000127	Prbn.g_00200	Prbk.g_00243
OG0000128	Prbn.g_00213	Prbk.g_00260
OG0000129	Prbn.g_00249	Prbk.g_01212
OG0000130	Prbn.g_01742	Prbk.g_00913
OG0000131	Prbn.g_01782	Prbk.g_01417
OG0000132	Prbn.g_01785	Prbk.g_01414
OG0000133	Prbn.g_01839	Prbk.g_00987
OG0000134	Prbn.g_01875	Prbk.g_00950
OG0000135	Prbn.g_01877	Prbk.g_00948
OG0000136	Prbn.g_01012	Prbk.g_00528
OG0000137	Prbn.g_00978	Prbk.g_01540
OG0000138	Prbn.g_00944	Prbk.g_02168
OG0000139	Prbn.g_00913	Prbk.g_02252
OG0000140	Prbn.g_00301	Prbk.g_02279
OG0000141	Prbn.g_00302	Prbk.g_02280
OG0000142	Prbn.g_00010	Prbk.g_02282
OG0000143	Prbn.g_00009	Prbk.g_02283
OG0000144	Prbn.g_00007	Prbk.g_02285
OG0000145	Prbn.g_00006	Prbk.g_02287
OG0000146	Prbn.g_00005	Prbk.g_02288
OG0000147	Prbn.g_00004	Prbk.g_02289
OG0000148	Prbn.g_00001	Prbk.g_02291
OG0000149	Prbn.g_00768	Prbk.g_01639
OG0000150	Prbn.g_00767	Prbk.g_01638
OG0000151	Prbn.g_00766	Prbk.g_01633
OG0000152	Prbn.g_00765	Prbk.g_01632
OG0000153	Prbn.g_00764	Prbk.g_01631
OG0000154	Prbn.g_00763	Prbk.g_01630
OG0000155	Prbn.g_00762	Prbk.g_01629
OG0000156	Prbn.g_00761	Prbk.g_01628
OG0000157	Prbn.g_00760	Prbk.g_01627
OG0000158	Prbn.g_00758	Prbk.g_01625
OG0000159	Prbn.g_00757	Prbk.g_01624
OG0000160	Prbn.g_00756	Prbk.g_01623
OG0000161	Prbn.g_00755	Prbk.g_01622
OG0000162	Prbn.g_00754	Prbk.g_01621
OG0000163	Prbn.g_00752	Prbk.g_01619
OG0000164	Prbn.g_00749	Prbk.g_01614
OG0000165	Prbn.g_00746	Prbk.g_01609
OG0000166	Prbn.g_00745	Prbk.g_01608
OG0000167	Prbn.g_00744	Prbk.g_01607
OG0000168	Prbn.g_00742	Prbk.g_01606
OG0000169	Prbn.g_00740	Prbk.g_01604
OG0000170	Prbn.g_00738	Prbk.g_02158
OG0000171	Prbn.g_00737	Prbk.g_02156
OG0000172	Prbn.g_00736	Prbk.g_02155
OG0000173	Prbn.g_00733	Prbk.g_02148
OG0000174	Prbn.g_00732	Prbk.g_02141
OG0000175	Prbn.g_00731	Prbk.g_02133
OG0000176	Prbn.g_00729	Prbk.g_02125
OG0000177	Prbn.g_00728	Prbk.g_02124
OG0000178	Prbn.g_00726	Prbk.g_02123
OG0000179	Prbn.g_00714	Prbk.g_01326
OG0000180	Prbn.g_00713	Prbk.g_01324
OG0000181	Prbn.g_00712	Prbk.g_01323
OG0000182	Prbn.g_00708	Prbk.g_01320
OG0000183	Prbn.g_00707	Prbk.g_01319
OG0000184	Prbn.g_00704	Prbk.g_01315
OG0000185	Prbn.g_01343	Prbk.g_01309
OG0000186	Prbn.g_01342	Prbk.g_01308
OG0000187	Prbn.g_01034	Prbk.g_01665
OG0000188	Prbn.g_01341	Prbk.g_01307
OG0000189	Prbn.g_01340	Prbk.g_01304
OG0000190	Prbn.g_01339	Prbk.g_01303
OG0000191	Prbn.g_01338	Prbk.g_01302
OG0000192	Prbn.g_01337	Prbk.g_01301
OG0000193	Prbn.g_01336	Prbk.g_01300
OG0000194	Prbn.g_01335	Prbk.g_01299
OG0000195	Prbn.g_01333	Prbk.g_01295
OG0000196	Prbn.g_01332	Prbk.g_01294
OG0000197	Prbn.g_01331	Prbk.g_00035
OG0000198	Prbn.g_01330	Prbk.g_00031
OG0000199	Prbn.g_01327	Prbk.g_00026
OG0000200	Prbn.g_01326	Prbk.g_00025
OG0000201	Prbn.g_01325	Prbk.g_00024
OG0000202	Prbn.g_01323	Prbk.g_00022
OG0000203	Prbn.g_01322	Prbk.g_00021
OG0000204	Prbn.g_01321	Prbk.g_00020
OG0000205	Prbn.g_01319	Prbk.g_00018
OG0000206	Prbn.g_01318	Prbk.g_00017
OG0000207	Prbn.g_01317	Prbk.g_00016
OG0000208	Prbn.g_01316	Prbk.g_00015
OG0000209	Prbn.g_01315	Prbk.g_00014
OG0000210	Prbn.g_01314	Prbk.g_00012
OG0000211	Prbn.g_01312	Prbk.g_00011
OG0000212	Prbn.g_01311	Prbk.g_00010
OG0000213	Prbn.g_01310	Prbk.g_00007
OG0000214	Prbn.g_01306	Prbk.g_00001
OG0000215	Prbn.g_01305	Prbk.g_00190
OG0000216	Prbn.g_01303	Prbk.g_00192
OG0000217	Prbn.g_01302	Prbk.g_00194
OG0000218	Prbn.g_01301	Prbk.g_00196
OG0000219	Prbn.g_01300	Prbk.g_00197
OG0000220	Prbn.g_01297	Prbk.g_00202
OG0000221	Prbn.g_01294	Prbk.g_00207
OG0000222	Prbn.g_01293	Prbk.g_00208
OG0000223	Prbn.g_01292	Prbk.g_00209
OG0000224	Prbn.g_01290	Prbk.g_00542
OG0000225	Prbn.g_01288	Prbk.g_00544
OG0000226	Prbn.g_01286	Prbk.g_00547
OG0000227	Prbn.g_01285	Prbk.g_00549
OG0000228	Prbn.g_01284	Prbk.g_00550
OG0000229	Prbn.g_01283	Prbk.g_00551
OG0000230	Prbn.g_01282	Prbk.g_00552
OG0000231	Prbn.g_01356	Prbk.g_00554
OG0000232	Prbn.g_01280	Prbk.g_00555
OG0000233	Prbn.g_01277	Prbk.g_00560
OG0000234	Prbn.g_01275	Prbk.g_00749
OG0000235	Prbn.g_01269	Prbk.g_00751
OG0000236	Prbn.g_01268	Prbk.g_00752
OG0000237	Prbn.g_01267	Prbk.g_00753
OG0000238	Prbn.g_01266	Prbk.g_00754
OG0000239	Prbn.g_01265	Prbk.g_00755
OG0000240	Prbn.g_01263	Prbk.g_00757
OG0000241	Prbn.g_01262	Prbk.g_00758
OG0000242	Prbn.g_01261	Prbk.g_00759
OG0000243	Prbn.g_01260	Prbk.g_00760
OG0000244	Prbn.g_01259	Prbk.g_00761
OG0000245	Prbn.g_01257	Prbk.g_00763
OG0000246	Prbn.g_01255	Prbk.g_00765
OG0000247	Prbn.g_01254	Prbk.g_00766
OG0000248	Prbn.g_01253	Prbk.g_00767
OG0000249	Prbn.g_01252	Prbk.g_00768
OG0000250	Prbn.g_01251	Prbk.g_00769
OG0000251	Prbn.g_01250	Prbk.g_00770
OG0000252	Prbn.g_01249	Prbk.g_00771
OG0000253	Prbn.g_01248	Prbk.g_00772
OG0000254	Prbn.g_01246	Prbk.g_00774
OG0000255	Prbn.g_01245	Prbk.g_00775
OG0000256	Prbn.g_00383	Prbk.g_00778
OG0000257	Prbn.g_00381	Prbk.g_00779
OG0000258	Prbn.g_00380	Prbk.g_00780
OG0000259	Prbn.g_00379	Prbk.g_00781
OG0000260	Prbn.g_00378	Prbk.g_00782
OG0000261	Prbn.g_00377	Prbk.g_00783
OG0000262	Prbn.g_00376	Prbk.g_00784
OG0000263	Prbn.g_00375	Prbk.g_00785
OG0000264	Prbn.g_00373	Prbk.g_02425
OG0000265	Prbn.g_00372	Prbk.g_01283
OG0000266	Prbn.g_00371	Prbk.g_01281
OG0000267	Prbn.g_00369	Prbk.g_01277
OG0000268	Prbn.g_00367	Prbk.g_01275
OG0000269	Prbn.g_00366	Prbk.g_01272
OG0000270	Prbn.g_00365	Prbk.g_01270
OG0000271	Prbn.g_00364	Prbk.g_01267
OG0000272	Prbn.g_00363	Prbk.g_01266
OG0000273	Prbn.g_00362	Prbk.g_01263
OG0000274	Prbn.g_00361	Prbk.g_01261
OG0000275	Prbn.g_00360	Prbk.g_01260
OG0000276	Prbn.g_00359	Prbk.g_01259
OG0000277	Prbn.g_00358	Prbk.g_01258
OG0000278	Prbn.g_00357	Prbk.g_01257
OG0000279	Prbn.g_00356	Prbk.g_01256
OG0000280	Prbn.g_00355	Prbk.g_01255
OG0000281	Prbn.g_00353	Prbk.g_01253
OG0000282	Prbn.g_00352	Prbk.g_01252
OG0000283	Prbn.g_00349	Prbk.g_01245
OG0000284	Prbn.g_00348	Prbk.g_01244
OG0000285	Prbn.g_00347	Prbk.g_00631
OG0000286	Prbn.g_00345	Prbk.g_00633
OG0000287	Prbn.g_00343	Prbk.g_00686
OG0000288	Prbn.g_00342	Prbk.g_00685
OG0000289	Prbn.g_00341	Prbk.g_00683
OG0000290	Prbn.g_00340	Prbk.g_00682
OG0000291	Prbn.g_00339	Prbk.g_00680
OG0000292	Prbn.g_00338	Prbk.g_00670
OG0000293	Prbn.g_00337	Prbk.g_00669
OG0000294	Prbn.g_00336	Prbk.g_00668
OG0000295	Prbn.g_00335	Prbk.g_00662
OG0000296	Prbn.g_00334	Prbk.g_00661
OG0000297	Prbn.g_00333	Prbk.g_00658
OG0000298	Prbn.g_00332	Prbk.g_00657
OG0000299	Prbn.g_00331	Prbk.g_00656
OG0000300	Prbn.g_00330	Prbk.g_00655
OG0000301	Prbn.g_00329	Prbk.g_00654
OG0000302	Prbn.g_00328	Prbk.g_00653
OG0000303	Prbn.g_00327	Prbk.g_00652
OG0000304	Prbn.g_00325	Prbk.g_00650
OG0000305	Prbn.g_00324	Prbk.g_00649
OG0000306	Prbn.g_00323	Prbk.g_00648
OG0000307	Prbn.g_00321	Prbk.g_01364
OG0000308	Prbn.g_00320	Prbk.g_01136
OG0000309	Prbn.g_00319	Prbk.g_01135
OG0000310	Prbn.g_00318	Prbk.g_01134
OG0000311	Prbn.g_00317	Prbk.g_01368
OG0000312	Prbn.g_00315	Prbk.g_01369
OG0000313	Prbn.g_00314	Prbk.g_01521
OG0000314	Prbn.g_00310	Prbk.g_01515
OG0000315	Prbn.g_00309	Prbk.g_01514
OG0000316	Prbn.g_00307	Prbk.g_01900
OG0000317	Prbn.g_00305	Prbk.g_01012
OG0000318	Prbn.g_00304	Prbk.g_01011
OG0000319	Prbn.g_00012	Prbk.g_01010
OG0000320	Prbn.g_00013	Prbk.g_01008
OG0000321	Prbn.g_00016	Prbk.g_01003
OG0000322	Prbn.g_00020	Prbk.g_00371
OG0000323	Prbn.g_00021	Prbk.g_00372
OG0000324	Prbn.g_00024	Prbk.g_00374
OG0000325	Prbn.g_00025	Prbk.g_00376
OG0000326	Prbn.g_00026	Prbk.g_00378
OG0000327	Prbn.g_00028	Prbk.g_00384
OG0000328	Prbn.g_00029	Prbk.g_01365
OG0000329	Prbn.g_00030	Prbk.g_00397
OG0000330	Prbn.g_00031	Prbk.g_00398
OG0000331	Prbn.g_00033	Prbk.g_00400
OG0000332	Prbn.g_00034	Prbk.g_00401
OG0000333	Prbn.g_00035	Prbk.g_00402
OG0000334	Prbn.g_00036	Prbk.g_00403
OG0000335	Prbn.g_00037	Prbk.g_00404
OG0000336	Prbn.g_00039	Prbk.g_00406
OG0000337	Prbn.g_00042	Prbk.g_00411
OG0000338	Prbn.g_00043	Prbk.g_00412
OG0000339	Prbn.g_00044	Prbk.g_00413
OG0000340	Prbn.g_00045	Prbk.g_00415
OG0000341	Prbn.g_00049	Prbk.g_00420
OG0000342	Prbn.g_00050	Prbk.g_00421
OG0000343	Prbn.g_00053	Prbk.g_00423
OG0000344	Prbn.g_00054	Prbk.g_00425
OG0000345	Prbn.g_00055	Prbk.g_00426
OG0000346	Prbn.g_00056	Prbk.g_00427
OG0000347	Prbn.g_00057	Prbk.g_00428
OG0000348	Prbn.g_00059	Prbk.g_00429
OG0000349	Prbn.g_00060	Prbk.g_00430
OG0000350	Prbn.g_00061	Prbk.g_00431
OG0000351	Prbn.g_00063	Prbk.g_00435
OG0000352	Prbn.g_00066	Prbk.g_00439
OG0000353	Prbn.g_00067	Prbk.g_00442
OG0000354	Prbn.g_00068	Prbk.g_00443
OG0000355	Prbn.g_00069	Prbk.g_00444
OG0000356	Prbn.g_00070	Prbk.g_00449
OG0000357	Prbn.g_00071	Prbk.g_00450
OG0000358	Prbn.g_00072	Prbk.g_00451
OG0000359	Prbn.g_00073	Prbk.g_00453
OG0000360	Prbn.g_00075	Prbk.g_00456
OG0000361	Prbn.g_00076	Prbk.g_00457
OG0000362	Prbn.g_00077	Prbk.g_00458
OG0000363	Prbn.g_00078	Prbk.g_00460
OG0000364	Prbn.g_00079	Prbk.g_00461
OG0000365	Prbn.g_00080	Prbk.g_00462
OG0000366	Prbn.g_00081	Prbk.g_00463
OG0000367	Prbn.g_00082	Prbk.g_00464
OG0000368	Prbn.g_00083	Prbk.g_00465
OG0000369	Prbn.g_00084	Prbk.g_00466
OG0000370	Prbn.g_00085	Prbk.g_00467
OG0000371	Prbn.g_00086	Prbk.g_00468
OG0000372	Prbn.g_00087	Prbk.g_00471
OG0000373	Prbn.g_00089	Prbk.g_00481
OG0000374	Prbn.g_00090	Prbk.g_00483
OG0000375	Prbn.g_00091	Prbk.g_00492
OG0000376	Prbn.g_00092	Prbk.g_00853
OG0000377	Prbn.g_00098	Prbk.g_00860
OG0000378	Prbn.g_00099	Prbk.g_00861
OG0000379	Prbn.g_00105	Prbk.g_00871
OG0000380	Prbn.g_00107	Prbk.g_00873
OG0000381	Prbn.g_00108	Prbk.g_00874
OG0000382	Prbn.g_00109	Prbk.g_00876
OG0000383	Prbn.g_00112	Prbk.g_00881
OG0000384	Prbn.g_00113	Prbk.g_00882
OG0000385	Prbn.g_00116	Prbk.g_00888
OG0000386	Prbn.g_00117	Prbk.g_00889
OG0000387	Prbn.g_00118	Prbk.g_00890
OG0000388	Prbn.g_00119	Prbk.g_00891
OG0000389	Prbn.g_00120	Prbk.g_00892
OG0000390	Prbn.g_00121	Prbk.g_00893
OG0000391	Prbn.g_00122	Prbk.g_00894
OG0000392	Prbn.g_00123	Prbk.g_00895
OG0000393	Prbn.g_00697	Prbk.g_00365
OG0000394	Prbn.g_00696	Prbk.g_00364
OG0000395	Prbn.g_00693	Prbk.g_00360
OG0000396	Prbn.g_01491	Prbk.g_02556
OG0000397	Prbn.g_01145	Prbk.g_01321
OG0000398	Prbn.g_01697	Prbk.g_00924
OG0000399	Prbn.g_01150	Prbk.g_01693
OG0000400	Prbn.g_01810	Prbk.g_01902
OG0000401	Prbn.g_00682	Prbk.g_00352
OG0000402	Prbn.g_00681	Prbk.g_00351
OG0000403	Prbn.g_00680	Prbk.g_00339
OG0000404	Prbn.g_00678	Prbk.g_00329
OG0000405	Prbn.g_00677	Prbk.g_00328
OG0000406	Prbn.g_00675	Prbk.g_00326
OG0000407	Prbn.g_00674	Prbk.g_00325
OG0000408	Prbn.g_00673	Prbk.g_00324
OG0000409	Prbn.g_00672	Prbk.g_00323
OG0000410	Prbn.g_00671	Prbk.g_00321
OG0000411	Prbn.g_00670	Prbk.g_00320
OG0000412	Prbn.g_00669	Prbk.g_00319
OG0000413	Prbn.g_00668	Prbk.g_00318
OG0000414	Prbn.g_00667	Prbk.g_00317
OG0000415	Prbn.g_00666	Prbk.g_00316
OG0000416	Prbn.g_00665	Prbk.g_00315
OG0000417	Prbn.g_00664	Prbk.g_00311
OG0000418	Prbn.g_00663	Prbk.g_00310
OG0000419	Prbn.g_00662	Prbk.g_00309
OG0000420	Prbn.g_00661	Prbk.g_00308
OG0000421	Prbn.g_00657	Prbk.g_00301
OG0000422	Prbn.g_00655	Prbk.g_00299
OG0000423	Prbn.g_00654	Prbk.g_00298
OG0000424	Prbn.g_00653	Prbk.g_00295
OG0000425	Prbn.g_00649	Prbk.g_02088
OG0000426	Prbn.g_00648	Prbk.g_02089
OG0000427	Prbn.g_00647	Prbk.g_02092
OG0000428	Prbn.g_00645	Prbk.g_02105
OG0000429	Prbn.g_00644	Prbk.g_02107
OG0000430	Prbn.g_00643	Prbk.g_02109
OG0000431	Prbn.g_00641	Prbk.g_02111
OG0000432	Prbn.g_00640	Prbk.g_02112
OG0000433	Prbn.g_00637	Prbk.g_02053
OG0000434	Prbn.g_00636	Prbk.g_02056
OG0000435	Prbn.g_00635	Prbk.g_02060
OG0000436	Prbn.g_00633	Prbk.g_02062
OG0000437	Prbn.g_00631	Prbk.g_02064
OG0000438	Prbn.g_00630	Prbk.g_02065
OG0000439	Prbn.g_00629	Prbk.g_02066
OG0000440	Prbn.g_00627	Prbk.g_02069
OG0000441	Prbn.g_00626	Prbk.g_02071
OG0000442	Prbn.g_00625	Prbk.g_02072
OG0000443	Prbn.g_00624	Prbk.g_02073
OG0000444	Prbn.g_00623	Prbk.g_02074
OG0000445	Prbn.g_00622	Prbk.g_02075
OG0000446	Prbn.g_00621	Prbk.g_02076
OG0000447	Prbn.g_00620	Prbk.g_02077
OG0000448	Prbn.g_00619	Prbk.g_02078
OG0000449	Prbn.g_00613	Prbk.g_01865
OG0000450	Prbn.g_00612	Prbk.g_01041
OG0000451	Prbn.g_00611	Prbk.g_01042
OG0000452	Prbn.g_00610	Prbk.g_01043
OG0000453	Prbn.g_00609	Prbk.g_01046
OG0000454	Prbn.g_00608	Prbk.g_01047
OG0000455	Prbn.g_00607	Prbk.g_01048
OG0000456	Prbn.g_00606	Prbk.g_01049
OG0000457	Prbn.g_00604	Prbk.g_01050
OG0000458	Prbn.g_00602	Prbk.g_01051
OG0000459	Prbn.g_00601	Prbk.g_01052
OG0000460	Prbn.g_00599	Prbk.g_01054
OG0000461	Prbn.g_00598	Prbk.g_01055
OG0000462	Prbn.g_00597	Prbk.g_01056
OG0000463	Prbn.g_00596	Prbk.g_01061
OG0000464	Prbn.g_00592	Prbk.g_01066
OG0000465	Prbn.g_00591	Prbk.g_01067
OG0000466	Prbn.g_00590	Prbk.g_01068
OG0000467	Prbn.g_00589	Prbk.g_01070
OG0000468	Prbn.g_00588	Prbk.g_01071
OG0000469	Prbn.g_00587	Prbk.g_01076
OG0000470	Prbn.g_00586	Prbk.g_01965
OG0000471	Prbn.g_00585	Prbk.g_01772
OG0000472	Prbn.g_00582	Prbk.g_01081
OG0000473	Prbn.g_00581	Prbk.g_01083
OG0000474	Prbn.g_00580	Prbk.g_01085
OG0000475	Prbn.g_00579	Prbk.g_01086
OG0000476	Prbn.g_00578	Prbk.g_01092
OG0000477	Prbn.g_00576	Prbk.g_01095
OG0000478	Prbn.g_00575	Prbk.g_01097
OG0000479	Prbn.g_00574	Prbk.g_01099
OG0000480	Prbn.g_00572	Prbk.g_02686
OG0000481	Prbn.g_00571	Prbk.g_01898
OG0000482	Prbn.g_00570	Prbk.g_01897
OG0000483	Prbn.g_00569	Prbk.g_01895
OG0000484	Prbn.g_00568	Prbk.g_01894
OG0000485	Prbn.g_00567	Prbk.g_01893
OG0000486	Prbn.g_00566	Prbk.g_01892
OG0000487	Prbn.g_00565	Prbk.g_01891
OG0000488	Prbn.g_00563	Prbk.g_01889
OG0000489	Prbn.g_00562	Prbk.g_01888
OG0000490	Prbn.g_00561	Prbk.g_01887
OG0000491	Prbn.g_00560	Prbk.g_01886
OG0000492	Prbn.g_00559	Prbk.g_01885
OG0000493	Prbn.g_00558	Prbk.g_01884
OG0000494	Prbn.g_00557	Prbk.g_01882
OG0000495	Prbn.g_00556	Prbk.g_01881
OG0000496	Prbn.g_00554	Prbk.g_01879
OG0000497	Prbn.g_00552	Prbk.g_01877
OG0000498	Prbn.g_00551	Prbk.g_01876
OG0000499	Prbn.g_00549	Prbk.g_01874
OG0000500	Prbn.g_00548	Prbk.g_01873
OG0000501	Prbn.g_00546	Prbk.g_01104
OG0000502	Prbn.g_00545	Prbk.g_01105
OG0000503	Prbn.g_00544	Prbk.g_01106
OG0000504	Prbn.g_00543	Prbk.g_01108
OG0000505	Prbn.g_00542	Prbk.g_01109
OG0000506	Prbn.g_00541	Prbk.g_01110
OG0000507	Prbn.g_00540	Prbk.g_01111
OG0000508	Prbn.g_00538	Prbk.g_01115
OG0000509	Prbn.g_00537	Prbk.g_01116
OG0000510	Prbn.g_00536	Prbk.g_01117
OG0000511	Prbn.g_00535	Prbk.g_01118
OG0000512	Prbn.g_00534	Prbk.g_01119
OG0000513	Prbn.g_00533	Prbk.g_01120
OG0000514	Prbn.g_00532	Prbk.g_01121
OG0000515	Prbn.g_00529	Prbk.g_01124
OG0000516	Prbn.g_00528	Prbk.g_01125
OG0000517	Prbn.g_00527	Prbk.g_01126
OG0000518	Prbn.g_00524	Prbk.g_01130
OG0000519	Prbn.g_00523	Prbk.g_01131
OG0000520	Prbn.g_00522	Prbk.g_01132
OG0000521	Prbn.g_00521	Prbk.g_01133
OG0000522	Prbn.g_00520	Prbk.g_01139
OG0000523	Prbn.g_00519	Prbk.g_01140
OG0000524	Prbn.g_00518	Prbk.g_01141
OG0000525	Prbn.g_00516	Prbk.g_01143
OG0000526	Prbn.g_00515	Prbk.g_01144
OG0000527	Prbn.g_00514	Prbk.g_01145
OG0000528	Prbn.g_00513	Prbk.g_01146
OG0000529	Prbn.g_00512	Prbk.g_01147
OG0000530	Prbn.g_00511	Prbk.g_01148
OG0000531	Prbn.g_00509	Prbk.g_01151
OG0000532	Prbn.g_00508	Prbk.g_01153
OG0000533	Prbn.g_00507	Prbk.g_01154
OG0000534	Prbn.g_00506	Prbk.g_01155
OG0000535	Prbn.g_00505	Prbk.g_01156
OG0000536	Prbn.g_00504	Prbk.g_01157
OG0000537	Prbn.g_00503	Prbk.g_01158
OG0000538	Prbn.g_00502	Prbk.g_01159
OG0000539	Prbn.g_00501	Prbk.g_01161
OG0000540	Prbn.g_00500	Prbk.g_01163
OG0000541	Prbn.g_00499	Prbk.g_02602
OG0000542	Prbn.g_00498	Prbk.g_02603
OG0000543	Prbn.g_00497	Prbk.g_02604
OG0000544	Prbn.g_00496	Prbk.g_02605
OG0000545	Prbn.g_00494	Prbk.g_02608
OG0000546	Prbn.g_00493	Prbk.g_02609
OG0000547	Prbn.g_00491	Prbk.g_02611
OG0000548	Prbn.g_00489	Prbk.g_02616
OG0000549	Prbn.g_00488	Prbk.g_02617
OG0000550	Prbn.g_00487	Prbk.g_02618
OG0000551	Prbn.g_00485	Prbk.g_02621
OG0000552	Prbn.g_00484	Prbk.g_02623
OG0000553	Prbn.g_00421	Prbk.g_02624
OG0000554	Prbn.g_00422	Prbk.g_02626
OG0000555	Prbn.g_00423	Prbk.g_02627
OG0000556	Prbn.g_00424	Prbk.g_02628
OG0000557	Prbn.g_00425	Prbk.g_02629
OG0000558	Prbn.g_00426	Prbk.g_02631
OG0000559	Prbn.g_00427	Prbk.g_02632
OG0000560	Prbn.g_00429	Prbk.g_02634
OG0000561	Prbn.g_00430	Prbk.g_02635
OG0000562	Prbn.g_00432	Prbk.g_02637
OG0000563	Prbn.g_00433	Prbk.g_02638
OG0000564	Prbn.g_00434	Prbk.g_02639
OG0000565	Prbn.g_00435	Prbk.g_02647
OG0000566	Prbn.g_00436	Prbk.g_02648
OG0000567	Prbn.g_00437	Prbk.g_02649
OG0000568	Prbn.g_00438	Prbk.g_02650
OG0000569	Prbn.g_00439	Prbk.g_02651
OG0000570	Prbn.g_00440	Prbk.g_02654
OG0000571	Prbn.g_00441	Prbk.g_02655
OG0000572	Prbn.g_00442	Prbk.g_02656
OG0000573	Prbn.g_00445	Prbk.g_00738
OG0000574	Prbn.g_00446	Prbk.g_00729
OG0000575	Prbn.g_00447	Prbk.g_00728
OG0000576	Prbn.g_00448	Prbk.g_00727
OG0000577	Prbn.g_00449	Prbk.g_00726
OG0000578	Prbn.g_00450	Prbk.g_00725
OG0000579	Prbn.g_00834	Prbk.g_00723
OG0000580	Prbn.g_00835	Prbk.g_00720
OG0000581	Prbn.g_00836	Prbk.g_00719
OG0000582	Prbn.g_00837	Prbk.g_00718
OG0000583	Prbn.g_00838	Prbk.g_00717
OG0000584	Prbn.g_00840	Prbk.g_00715
OG0000585	Prbn.g_00841	Prbk.g_00714
OG0000586	Prbn.g_00843	Prbk.g_00712
OG0000587	Prbn.g_00844	Prbk.g_00711
OG0000588	Prbn.g_01594	Prbk.g_00708
OG0000589	Prbn.g_01593	Prbk.g_00706
OG0000590	Prbn.g_01591	Prbk.g_00478
OG0000591	Prbn.g_01585	Prbk.g_01361
OG0000592	Prbn.g_01584	Prbk.g_01767
OG0000593	Prbn.g_01583	Prbk.g_00672
OG0000594	Prbn.g_01580	Prbk.g_02509
OG0000595	Prbn.g_01579	Prbk.g_01925
OG0000596	Prbn.g_01578	Prbk.g_01805
OG0000597	Prbn.g_01576	Prbk.g_01827
OG0000598	Prbn.g_01575	Prbk.g_01821
OG0000599	Prbn.g_01574	Prbk.g_01817
OG0000600	Prbn.g_01573	Prbk.g_01816
OG0000601	Prbn.g_01570	Prbk.g_01802
OG0000602	Prbn.g_01569	Prbk.g_01801
OG0000603	Prbn.g_01568	Prbk.g_01800
OG0000604	Prbn.g_01565	Prbk.g_01760
OG0000605	Prbn.g_01564	Prbk.g_01761
OG0000606	Prbn.g_01563	Prbk.g_01764
OG0000607	Prbn.g_01561	Prbk.g_01766
OG0000608	Prbn.g_01559	Prbk.g_02429
OG0000609	Prbn.g_00905	Prbk.g_02262
OG0000610	Prbn.g_01635	Prbk.g_00169
OG0000611	Prbn.g_01553	Prbk.g_00617
OG0000612	Prbn.g_01552	Prbk.g_00616
OG0000613	Prbn.g_00857	Prbk.g_00615
OG0000614	Prbn.g_00858	Prbk.g_00614
OG0000615	Prbn.g_00860	Prbk.g_00613
OG0000616	Prbn.g_00861	Prbk.g_00612
OG0000617	Prbn.g_00862	Prbk.g_00611
OG0000618	Prbn.g_00863	Prbk.g_00610
OG0000619	Prbn.g_00864	Prbk.g_00608
OG0000620	Prbn.g_01947	Prbk.g_00607
OG0000621	Prbn.g_01948	Prbk.g_00606
OG0000622	Prbn.g_01949	Prbk.g_00605
OG0000623	Prbn.g_01950	Prbk.g_00604
OG0000624	Prbn.g_01952	Prbk.g_00603
OG0000625	Prbn.g_01345	Prbk.g_00602
OG0000626	Prbn.g_01346	Prbk.g_00601
OG0000627	Prbn.g_01347	Prbk.g_02376
OG0000628	Prbn.g_01348	Prbk.g_02375
OG0000629	Prbn.g_01349	Prbk.g_02372
OG0000630	Prbn.g_01350	Prbk.g_02371
OG0000631	Prbn.g_01352	Prbk.g_02368
OG0000632	Prbn.g_01353	Prbk.g_01780
OG0000633	Prbn.g_01023	Prbk.g_01872
OG0000634	Prbn.g_01100	Prbk.g_01863
OG0000635	Prbn.g_00468	Prbk.g_02332
OG0000636	Prbn.g_00469	Prbk.g_02333
OG0000637	Prbn.g_00470	Prbk.g_02334
OG0000638	Prbn.g_00102	Prbk.g_00865
OG0000639	Prbn.g_01451	Prbk.g_01455
OG0000640	Prbn.g_01447	Prbk.g_02367
OG0000641	Prbn.g_01445	Prbk.g_02362
OG0000642	Prbn.g_01444	Prbk.g_02361
OG0000643	Prbn.g_01443	Prbk.g_02360
OG0000644	Prbn.g_00856	Prbk.g_02462
OG0000645	Prbn.g_01551	Prbk.g_02463
OG0000646	Prbn.g_01550	Prbk.g_02464
OG0000647	Prbn.g_01549	Prbk.g_02465
OG0000648	Prbn.g_01547	Prbk.g_02467
OG0000649	Prbn.g_01546	Prbk.g_02468
OG0000650	Prbn.g_01545	Prbk.g_02469
OG0000651	Prbn.g_01544	Prbk.g_02470
OG0000652	Prbn.g_01543	Prbk.g_02471
OG0000653	Prbn.g_01542	Prbk.g_02472
OG0000654	Prbn.g_01540	Prbk.g_02474
OG0000655	Prbn.g_01538	Prbk.g_02476
OG0000656	Prbn.g_01537	Prbk.g_02477
OG0000657	Prbn.g_01536	Prbk.g_02478
OG0000658	Prbn.g_01535	Prbk.g_02479
OG0000659	Prbn.g_01534	Prbk.g_02480
OG0000660	Prbn.g_01533	Prbk.g_02481
OG0000661	Prbn.g_01532	Prbk.g_02483
OG0000662	Prbn.g_01530	Prbk.g_02486
OG0000663	Prbn.g_01529	Prbk.g_02487
OG0000664	Prbn.g_01528	Prbk.g_02488
OG0000665	Prbn.g_01527	Prbk.g_02489
OG0000666	Prbn.g_01526	Prbk.g_02490
OG0000667	Prbn.g_01525	Prbk.g_02491
OG0000668	Prbn.g_01524	Prbk.g_02492
OG0000669	Prbn.g_01522	Prbk.g_02494
OG0000670	Prbn.g_01521	Prbk.g_02495
OG0000671	Prbn.g_01520	Prbk.g_02496
OG0000672	Prbn.g_01519	Prbk.g_02497
OG0000673	Prbn.g_01518	Prbk.g_02498
OG0000674	Prbn.g_01517	Prbk.g_02499
OG0000675	Prbn.g_01515	Prbk.g_02526
OG0000676	Prbn.g_01514	Prbk.g_02527
OG0000677	Prbn.g_01511	Prbk.g_02530
OG0000678	Prbn.g_01509	Prbk.g_02532
OG0000679	Prbn.g_01507	Prbk.g_02534
OG0000680	Prbn.g_01506	Prbk.g_02535
OG0000681	Prbn.g_01505	Prbk.g_02536
OG0000682	Prbn.g_01504	Prbk.g_02537
OG0000683	Prbn.g_01502	Prbk.g_02539
OG0000684	Prbn.g_01501	Prbk.g_02540
OG0000685	Prbn.g_01500	Prbk.g_02541
OG0000686	Prbn.g_01499	Prbk.g_02542
OG0000687	Prbn.g_01498	Prbk.g_02543
OG0000688	Prbn.g_01497	Prbk.g_02544
OG0000689	Prbn.g_01496	Prbk.g_02546
OG0000690	Prbn.g_01495	Prbk.g_02547
OG0000691	Prbn.g_01494	Prbk.g_02548
OG0000692	Prbn.g_01490	Prbk.g_02559
OG0000693	Prbn.g_01489	Prbk.g_02560
OG0000694	Prbn.g_01488	Prbk.g_02563
OG0000695	Prbn.g_01487	Prbk.g_02567
OG0000696	Prbn.g_01486	Prbk.g_02568
OG0000697	Prbn.g_01484	Prbk.g_02570
OG0000698	Prbn.g_01480	Prbk.g_02379
OG0000699	Prbn.g_01479	Prbk.g_00598
OG0000700	Prbn.g_01930	Prbk.g_00582
OG0000701	Prbn.g_01925	Prbk.g_00193
OG0000702	Prbn.g_01632	Prbk.g_02580
OG0000703	Prbn.g_01630	Prbk.g_02389
OG0000704	Prbn.g_01629	Prbk.g_01662
OG0000705	Prbn.g_01627	Prbk.g_02390
OG0000706	Prbn.g_01626	Prbk.g_02391
OG0000707	Prbn.g_01624	Prbk.g_02393
OG0000708	Prbn.g_01623	Prbk.g_02394
OG0000709	Prbn.g_01621	Prbk.g_02396
OG0000710	Prbn.g_01620	Prbk.g_02397
OG0000711	Prbn.g_01619	Prbk.g_02398
OG0000712	Prbn.g_01618	Prbk.g_02399
OG0000713	Prbn.g_01617	Prbk.g_02400
OG0000714	Prbn.g_01615	Prbk.g_02408
OG0000715	Prbn.g_01614	Prbk.g_02410
OG0000716	Prbn.g_01612	Prbk.g_02415
OG0000717	Prbn.g_01611	Prbk.g_02417
OG0000718	Prbn.g_01610	Prbk.g_02420
OG0000719	Prbn.g_01608	Prbk.g_02435
OG0000720	Prbn.g_01607	Prbk.g_02436
OG0000721	Prbn.g_01604	Prbk.g_02438
OG0000722	Prbn.g_01603	Prbk.g_02439
OG0000723	Prbn.g_01602	Prbk.g_02440
OG0000724	Prbn.g_01600	Prbk.g_02453
OG0000725	Prbn.g_01599	Prbk.g_02452
OG0000726	Prbn.g_01598	Prbk.g_02451
OG0000727	Prbn.g_01597	Prbk.g_02450
OG0000728	Prbn.g_01596	Prbk.g_02449
OG0000729	Prbn.g_01595	Prbk.g_02447
OG0000730	Prbn.g_00846	Prbk.g_02444
OG0000731	Prbn.g_00848	Prbk.g_02455
OG0000732	Prbn.g_00849	Prbk.g_02456
OG0000733	Prbn.g_00850	Prbk.g_02457
OG0000734	Prbn.g_00851	Prbk.g_02458
OG0000735	Prbn.g_00853	Prbk.g_02459
OG0000736	Prbn.g_00854	Prbk.g_02460
OG0000737	Prbn.g_00855	Prbk.g_02461
OG0000738	Prbn.g_01442	Prbk.g_02359
OG0000739	Prbn.g_01441	Prbk.g_02358
OG0000740	Prbn.g_01440	Prbk.g_02357
OG0000741	Prbn.g_01439	Prbk.g_02355
OG0000742	Prbn.g_01437	Prbk.g_02353
OG0000743	Prbn.g_01436	Prbk.g_02352
OG0000744	Prbn.g_01435	Prbk.g_02350
OG0000745	Prbn.g_01434	Prbk.g_02349
OG0000746	Prbn.g_01433	Prbk.g_02348
OG0000747	Prbn.g_01432	Prbk.g_01698
OG0000748	Prbn.g_01431	Prbk.g_02340
OG0000749	Prbn.g_01430	Prbk.g_02339
OG0000750	Prbn.g_01428	Prbk.g_02337
OG0000751	Prbn.g_01427	Prbk.g_02336
OG0000752	Prbn.g_01368	Prbk.g_02189
OG0000753	Prbn.g_01425	Prbk.g_02331
OG0000754	Prbn.g_01424	Prbk.g_02330
OG0000755	Prbn.g_01423	Prbk.g_02329
OG0000756	Prbn.g_01421	Prbk.g_02327
OG0000757	Prbn.g_01420	Prbk.g_02326
OG0000758	Prbn.g_01419	Prbk.g_02325
OG0000759	Prbn.g_01417	Prbk.g_02320
OG0000760	Prbn.g_01416	Prbk.g_02319
OG0000761	Prbn.g_01415	Prbk.g_02317
OG0000762	Prbn.g_01413	Prbk.g_02315
OG0000763	Prbn.g_01412	Prbk.g_02313
OG0000764	Prbn.g_01411	Prbk.g_02311
OG0000765	Prbn.g_01410	Prbk.g_02310
OG0000766	Prbn.g_01409	Prbk.g_02309
OG0000767	Prbn.g_01407	Prbk.g_02307
OG0000768	Prbn.g_01406	Prbk.g_02306
OG0000769	Prbn.g_01405	Prbk.g_02305
OG0000770	Prbn.g_01404	Prbk.g_02304
OG0000771	Prbn.g_01403	Prbk.g_02303
OG0000772	Prbn.g_01123	Prbk.g_01728
OG0000773	Prbn.g_01401	Prbk.g_02301
OG0000774	Prbn.g_01400	Prbk.g_02299
OG0000775	Prbn.g_01399	Prbk.g_02297
OG0000776	Prbn.g_01396	Prbk.g_02293
OG0000777	Prbn.g_01395	Prbk.g_02292
OG0000778	Prbn.g_01394	Prbk.g_00562
OG0000779	Prbn.g_01393	Prbk.g_00566
OG0000780	Prbn.g_01391	Prbk.g_00568
OG0000781	Prbn.g_01389	Prbk.g_00572
OG0000782	Prbn.g_01388	Prbk.g_00573
OG0000783	Prbn.g_01384	Prbk.g_00578
OG0000784	Prbn.g_01382	Prbk.g_00580
OG0000785	Prbn.g_01381	Prbk.g_00581
OG0000786	Prbn.g_01380	Prbk.g_00583
OG0000787	Prbn.g_01379	Prbk.g_00584
OG0000788	Prbn.g_01373	Prbk.g_00590
OG0000789	Prbn.g_01370	Prbk.g_00593
OG0000790	Prbn.g_01369	Prbk.g_02190
OG0000791	Prbn.g_01366	Prbk.g_00594
OG0000792	Prbn.g_01365	Prbk.g_00595
OG0000793	Prbn.g_01364	Prbk.g_00596
OG0000794	Prbn.g_01361	Prbk.g_00599
OG0000795	Prbn.g_01460	Prbk.g_00068
OG0000796	Prbn.g_01461	Prbk.g_00067
OG0000797	Prbn.g_01463	Prbk.g_00064
OG0000798	Prbn.g_01464	Prbk.g_00063
OG0000799	Prbn.g_01465	Prbk.g_00062
OG0000800	Prbn.g_01466	Prbk.g_00061
OG0000801	Prbn.g_01469	Prbk.g_00058
OG0000802	Prbn.g_01470	Prbk.g_00057
OG0000803	Prbn.g_01472	Prbk.g_00054
OG0000804	Prbn.g_01473	Prbk.g_00053
OG0000805	Prbn.g_01474	Prbk.g_00052
OG0000806	Prbn.g_01476	Prbk.g_00051
OG0000807	Prbn.g_00692	Prbk.g_00627
OG0000808	Prbn.g_01039	Prbk.g_02595
OG0000809	Prbn.g_01141	Prbk.g_02022
OG0000810	Prbn.g_00473	Prbk.g_01700
OG0000811	Prbn.g_01106	Prbk.g_01531
OG0000812	Prbn.g_01147	Prbk.g_00869
OG0000813	Prbn.g_00111	Prbk.g_00879
OG0000814	Prbn.g_01120	Prbk.g_01234
OG0000815	Prbn.g_01239	Prbk.g_02613
OG0000816	Prbn.g_01651	Prbk.g_02202
OG0000817	Prbn.g_01652	Prbk.g_02196
OG0000818	Prbn.g_01028	Prbk.g_01456
OG0000819	Prbn.g_01167	Prbk.g_01227
OG0000820	Prbn.g_01173	Prbk.g_00004
OG0000821	Prbn.g_01175	Prbk.g_01037
OG0000822	Prbn.g_01176	Prbk.g_01036
OG0000823	Prbn.g_01177	Prbk.g_01035
OG0000824	Prbn.g_01178	Prbk.g_01034
OG0000825	Prbn.g_01179	Prbk.g_01032
OG0000826	Prbn.g_01180	Prbk.g_01031
OG0000827	Prbn.g_01181	Prbk.g_01028
OG0000828	Prbn.g_01182	Prbk.g_01026
OG0000829	Prbn.g_01183	Prbk.g_01025
OG0000830	Prbn.g_01185	Prbk.g_01022
OG0000831	Prbn.g_01188	Prbk.g_01020
OG0000832	Prbn.g_01190	Prbk.g_01018
OG0000833	Prbn.g_01191	Prbk.g_01017
OG0000834	Prbn.g_01192	Prbk.g_00141
OG0000835	Prbn.g_01193	Prbk.g_00142
OG0000836	Prbn.g_01194	Prbk.g_00143
OG0000837	Prbn.g_01197	Prbk.g_00153
OG0000838	Prbn.g_01198	Prbk.g_00155
OG0000839	Prbn.g_01199	Prbk.g_00156
OG0000840	Prbn.g_01200	Prbk.g_00157
OG0000841	Prbn.g_01201	Prbk.g_00158
OG0000842	Prbn.g_01203	Prbk.g_00106
OG0000843	Prbn.g_01204	Prbk.g_00105
OG0000844	Prbn.g_01205	Prbk.g_00104
OG0000845	Prbn.g_01206	Prbk.g_00103
OG0000846	Prbn.g_01208	Prbk.g_00100
OG0000847	Prbn.g_01210	Prbk.g_00099
OG0000848	Prbn.g_01211	Prbk.g_01501
OG0000849	Prbn.g_00387	Prbk.g_01498
OG0000850	Prbn.g_00388	Prbk.g_01497
OG0000851	Prbn.g_00390	Prbk.g_00139
OG0000852	Prbn.g_00392	Prbk.g_00137
OG0000853	Prbn.g_00394	Prbk.g_00135
OG0000854	Prbn.g_00396	Prbk.g_00133
OG0000855	Prbn.g_00397	Prbk.g_00132
OG0000856	Prbn.g_00398	Prbk.g_00131
OG0000857	Prbn.g_00399	Prbk.g_00130
OG0000858	Prbn.g_00400	Prbk.g_00129
OG0000859	Prbn.g_00401	Prbk.g_00128
OG0000860	Prbn.g_00402	Prbk.g_00127
OG0000861	Prbn.g_00403	Prbk.g_01503
OG0000862	Prbn.g_00404	Prbk.g_01504
OG0000863	Prbn.g_00405	Prbk.g_01505
OG0000864	Prbn.g_00406	Prbk.g_01506
OG0000865	Prbn.g_00407	Prbk.g_01508
OG0000866	Prbn.g_00408	Prbk.g_00189
OG0000867	Prbn.g_00409	Prbk.g_00188
OG0000868	Prbn.g_00410	Prbk.g_00186
OG0000869	Prbn.g_00412	Prbk.g_00183
OG0000870	Prbn.g_00413	Prbk.g_00182
OG0000871	Prbn.g_00414	Prbk.g_00178
OG0000872	Prbn.g_00415	Prbk.g_00177
OG0000873	Prbn.g_00417	Prbk.g_00175
OG0000874	Prbn.g_00418	Prbk.g_00174
OG0000875	Prbn.g_00419	Prbk.g_00097
OG0000876	Prbn.g_00420	Prbk.g_00098
OG0000877	Prbn.g_00483	Prbk.g_00122
OG0000878	Prbn.g_01671	Prbk.g_02011
OG0000879	Prbn.g_01095	Prbk.g_00164
OG0000880	Prbn.g_01094	Prbk.g_00163
OG0000881	Prbn.g_01093	Prbk.g_00162
OG0000882	Prbn.g_01092	Prbk.g_01194
OG0000883	Prbn.g_01091	Prbk.g_01192
OG0000884	Prbn.g_01089	Prbk.g_01190
OG0000885	Prbn.g_01088	Prbk.g_01189
OG0000886	Prbn.g_01087	Prbk.g_01188
OG0000887	Prbn.g_01086	Prbk.g_01187
OG0000888	Prbn.g_01085	Prbk.g_01186
OG0000889	Prbn.g_01082	Prbk.g_01182
OG0000890	Prbn.g_01081	Prbk.g_01179
OG0000891	Prbn.g_01080	Prbk.g_01178
OG0000892	Prbn.g_01077	Prbk.g_01175
OG0000893	Prbn.g_01076	Prbk.g_01174
OG0000894	Prbn.g_01075	Prbk.g_01173
OG0000895	Prbn.g_01074	Prbk.g_01172
OG0000896	Prbn.g_01073	Prbk.g_01171
OG0000897	Prbn.g_01072	Prbk.g_01170
OG0000898	Prbn.g_01069	Prbk.g_01167
OG0000899	Prbn.g_01068	Prbk.g_01166
OG0000900	Prbn.g_01216	Prbk.g_01199
OG0000901	Prbn.g_01060	Prbk.g_02120
OG0000902	Prbn.g_00615	Prbk.g_00334
OG0000903	Prbn.g_01124	Prbk.g_02564
OG0000904	Prbn.g_00883	Prbk.g_01691
OG0000905	Prbn.g_01146	Prbk.g_00055
OG0000906	Prbn.g_01164	Prbk.g_00629
OG0000907	Prbn.g_01482	Prbk.g_02578
OG0000908	Prbn.g_01127	Prbk.g_00923
OG0000909	Prbn.g_01242	Prbk.g_02051
OG0000910	Prbn.g_00153	Prbk.g_02050
OG0000911	Prbn.g_00154	Prbk.g_02049
OG0000912	Prbn.g_00155	Prbk.g_02048
OG0000913	Prbn.g_00156	Prbk.g_02047
OG0000914	Prbn.g_00157	Prbk.g_02046
OG0000915	Prbn.g_00158	Prbk.g_02045
OG0000916	Prbn.g_00159	Prbk.g_02044
OG0000917	Prbn.g_00160	Prbk.g_02042
OG0000918	Prbn.g_00161	Prbk.g_02041
OG0000919	Prbn.g_00162	Prbk.g_02040
OG0000920	Prbn.g_00163	Prbk.g_02039
OG0000921	Prbn.g_00164	Prbk.g_02038
OG0000922	Prbn.g_00165	Prbk.g_02037
OG0000923	Prbn.g_00166	Prbk.g_02036
OG0000924	Prbn.g_00167	Prbk.g_02035
OG0000925	Prbn.g_00168	Prbk.g_02034
OG0000926	Prbn.g_01014	Prbk.g_00526
OG0000927	Prbn.g_00195	Prbk.g_01929
OG0000928	Prbn.g_00196	Prbk.g_01930
OG0000929	Prbn.g_00197	Prbk.g_01931
OG0000930	Prbn.g_00198	Prbk.g_01937
OG0000931	Prbn.g_00199	Prbk.g_01938
OG0000932	Prbn.g_00201	Prbk.g_00244
OG0000933	Prbn.g_00202	Prbk.g_00246
OG0000934	Prbn.g_00203	Prbk.g_00247
OG0000935	Prbn.g_00204	Prbk.g_00248
OG0000936	Prbn.g_00205	Prbk.g_00249
OG0000937	Prbn.g_00206	Prbk.g_00250
OG0000938	Prbn.g_00207	Prbk.g_00252
OG0000939	Prbn.g_00208	Prbk.g_00253
OG0000940	Prbn.g_00209	Prbk.g_00255
OG0000941	Prbn.g_00210	Prbk.g_00257
OG0000942	Prbn.g_00211	Prbk.g_00258
OG0000943	Prbn.g_00214	Prbk.g_00261
OG0000944	Prbn.g_00215	Prbk.g_00270
OG0000945	Prbn.g_00216	Prbk.g_00271
OG0000946	Prbn.g_00217	Prbk.g_00272
OG0000947	Prbn.g_00218	Prbk.g_00273
OG0000948	Prbn.g_00219	Prbk.g_00274
OG0000949	Prbn.g_00220	Prbk.g_00275
OG0000950	Prbn.g_00221	Prbk.g_00276
OG0000951	Prbn.g_00222	Prbk.g_00277
OG0000952	Prbn.g_00223	Prbk.g_00278
OG0000953	Prbn.g_00224	Prbk.g_00279
OG0000954	Prbn.g_00225	Prbk.g_00280
OG0000955	Prbn.g_00226	Prbk.g_00281
OG0000956	Prbn.g_00227	Prbk.g_00282
OG0000957	Prbn.g_00228	Prbk.g_00283
OG0000958	Prbn.g_00229	Prbk.g_01237
OG0000959	Prbn.g_00230	Prbk.g_01236
OG0000960	Prbn.g_00231	Prbk.g_01235
OG0000961	Prbn.g_00235	Prbk.g_01228
OG0000962	Prbn.g_00236	Prbk.g_01226
OG0000963	Prbn.g_00237	Prbk.g_01225
OG0000964	Prbn.g_00239	Prbk.g_01222
OG0000965	Prbn.g_00240	Prbk.g_01221
OG0000966	Prbn.g_00241	Prbk.g_01220
OG0000967	Prbn.g_00242	Prbk.g_01219
OG0000968	Prbn.g_00243	Prbk.g_01218
OG0000969	Prbn.g_00244	Prbk.g_01217
OG0000970	Prbn.g_00245	Prbk.g_01216
OG0000971	Prbn.g_00246	Prbk.g_01215
OG0000972	Prbn.g_00247	Prbk.g_01214
OG0000973	Prbn.g_00248	Prbk.g_01213
OG0000974	Prbn.g_00250	Prbk.g_01211
OG0000975	Prbn.g_00256	Prbk.g_01654
OG0000976	Prbn.g_00258	Prbk.g_02016
OG0000977	Prbn.g_00260	Prbk.g_02006
OG0000978	Prbn.g_00262	Prbk.g_02004
OG0000979	Prbn.g_00264	Prbk.g_02002
OG0000980	Prbn.g_00265	Prbk.g_02001
OG0000981	Prbn.g_00266	Prbk.g_02596
OG0000982	Prbn.g_00267	Prbk.g_02000
OG0000983	Prbn.g_00269	Prbk.g_01998
OG0000984	Prbn.g_00270	Prbk.g_01997
OG0000985	Prbn.g_00271	Prbk.g_01996
OG0000986	Prbn.g_00272	Prbk.g_01994
OG0000987	Prbn.g_00273	Prbk.g_01993
OG0000988	Prbn.g_00274	Prbk.g_01991
OG0000989	Prbn.g_00275	Prbk.g_01990
OG0000990	Prbn.g_00276	Prbk.g_01989
OG0000991	Prbn.g_00277	Prbk.g_01988
OG0000992	Prbn.g_00278	Prbk.g_01987
OG0000993	Prbn.g_00279	Prbk.g_01986
OG0000994	Prbn.g_00280	Prbk.g_01985
OG0000995	Prbn.g_00281	Prbk.g_01983
OG0000996	Prbn.g_00282	Prbk.g_01982
OG0000997	Prbn.g_00283	Prbk.g_01981
OG0000998	Prbn.g_00284	Prbk.g_01980
OG0000999	Prbn.g_00285	Prbk.g_01979
OG0001000	Prbn.g_00286	Prbk.g_01978
OG0001001	Prbn.g_00288	Prbk.g_01977
OG0001002	Prbn.g_00289	Prbk.g_00937
OG0001003	Prbn.g_00904	Prbk.g_00936
OG0001004	Prbn.g_00903	Prbk.g_01360
OG0001005	Prbn.g_00900	Prbk.g_00934
OG0001006	Prbn.g_00899	Prbk.g_00933
OG0001007	Prbn.g_00898	Prbk.g_00932
OG0001008	Prbn.g_00896	Prbk.g_00930
OG0001009	Prbn.g_00895	Prbk.g_00929
OG0001010	Prbn.g_01688	Prbk.g_02593
OG0001011	Prbn.g_00486	Prbk.g_02619
OG0001012	Prbn.g_01531	Prbk.g_02485
OG0001013	Prbn.g_01738	Prbk.g_00918
OG0001014	Prbn.g_01739	Prbk.g_00917
OG0001015	Prbn.g_01746	Prbk.g_00906
OG0001016	Prbn.g_01747	Prbk.g_00905
OG0001017	Prbn.g_01748	Prbk.g_00904
OG0001018	Prbn.g_01749	Prbk.g_00902
OG0001019	Prbn.g_01751	Prbk.g_01451
OG0001020	Prbn.g_01752	Prbk.g_01450
OG0001021	Prbn.g_01753	Prbk.g_01449
OG0001022	Prbn.g_01754	Prbk.g_01448
OG0001023	Prbn.g_01755	Prbk.g_01447
OG0001024	Prbn.g_01757	Prbk.g_01445
OG0001025	Prbn.g_01758	Prbk.g_01444
OG0001026	Prbn.g_01759	Prbk.g_01443
OG0001027	Prbn.g_01760	Prbk.g_01442
OG0001028	Prbn.g_01761	Prbk.g_01441
OG0001029	Prbn.g_01762	Prbk.g_01440
OG0001030	Prbn.g_01763	Prbk.g_01439
OG0001031	Prbn.g_01764	Prbk.g_01438
OG0001032	Prbn.g_01765	Prbk.g_01437
OG0001033	Prbn.g_01766	Prbk.g_01436
OG0001034	Prbn.g_01767	Prbk.g_01434
OG0001035	Prbn.g_01770	Prbk.g_01432
OG0001036	Prbn.g_01771	Prbk.g_01431
OG0001037	Prbn.g_01772	Prbk.g_01429
OG0001038	Prbn.g_01773	Prbk.g_01428
OG0001039	Prbn.g_01774	Prbk.g_01427
OG0001040	Prbn.g_01775	Prbk.g_01426
OG0001041	Prbn.g_01776	Prbk.g_01425
OG0001042	Prbn.g_01777	Prbk.g_01423
OG0001043	Prbn.g_01778	Prbk.g_01422
OG0001044	Prbn.g_01779	Prbk.g_01421
OG0001045	Prbn.g_01780	Prbk.g_01420
OG0001046	Prbn.g_01781	Prbk.g_01419
OG0001047	Prbn.g_01784	Prbk.g_01415
OG0001048	Prbn.g_01786	Prbk.g_01413
OG0001049	Prbn.g_01787	Prbk.g_01412
OG0001050	Prbn.g_01788	Prbk.g_01411
OG0001051	Prbn.g_01789	Prbk.g_01410
OG0001052	Prbn.g_01790	Prbk.g_01409
OG0001053	Prbn.g_01792	Prbk.g_01407
OG0001054	Prbn.g_01794	Prbk.g_01405
OG0001055	Prbn.g_01795	Prbk.g_01404
OG0001056	Prbn.g_01796	Prbk.g_01403
OG0001057	Prbn.g_01797	Prbk.g_01402
OG0001058	Prbn.g_01798	Prbk.g_01401
OG0001059	Prbn.g_01799	Prbk.g_01400
OG0001060	Prbn.g_01800	Prbk.g_01399
OG0001061	Prbn.g_01801	Prbk.g_01398
OG0001062	Prbn.g_01802	Prbk.g_01384
OG0001063	Prbn.g_01803	Prbk.g_01383
OG0001064	Prbn.g_01805	Prbk.g_01381
OG0001065	Prbn.g_01809	Prbk.g_01901
OG0001066	Prbn.g_01811	Prbk.g_01904
OG0001067	Prbn.g_01812	Prbk.g_01905
OG0001068	Prbn.g_01815	Prbk.g_01909
OG0001069	Prbn.g_01816	Prbk.g_01910
OG0001070	Prbn.g_01817	Prbk.g_01911
OG0001071	Prbn.g_01818	Prbk.g_01912
OG0001072	Prbn.g_01819	Prbk.g_01913
OG0001073	Prbn.g_01820	Prbk.g_01914
OG0001074	Prbn.g_01821	Prbk.g_01915
OG0001075	Prbn.g_01822	Prbk.g_01916
OG0001076	Prbn.g_01823	Prbk.g_01917
OG0001077	Prbn.g_01824	Prbk.g_01918
OG0001078	Prbn.g_01825	Prbk.g_01920
OG0001079	Prbn.g_01826	Prbk.g_01921
OG0001080	Prbn.g_01827	Prbk.g_01922
OG0001081	Prbn.g_01831	Prbk.g_00990
OG0001082	Prbn.g_01832	Prbk.g_00991
OG0001083	Prbn.g_01835	Prbk.g_00995
OG0001084	Prbn.g_01834	Prbk.g_00993
OG0001085	Prbn.g_01833	Prbk.g_00992
OG0001086	Prbn.g_01830	Prbk.g_00996
OG0001087	Prbn.g_01829	Prbk.g_00997
OG0001088	Prbn.g_01828	Prbk.g_01926
OG0001089	Prbn.g_01838	Prbk.g_00988
OG0001090	Prbn.g_01840	Prbk.g_00986
OG0001091	Prbn.g_01841	Prbk.g_00985
OG0001092	Prbn.g_01842	Prbk.g_00984
OG0001093	Prbn.g_01843	Prbk.g_00983
OG0001094	Prbn.g_01844	Prbk.g_00982
OG0001095	Prbn.g_01845	Prbk.g_00981
OG0001096	Prbn.g_01846	Prbk.g_00980
OG0001097	Prbn.g_01847	Prbk.g_00979
OG0001098	Prbn.g_01848	Prbk.g_00978
OG0001099	Prbn.g_01849	Prbk.g_00977
OG0001100	Prbn.g_01850	Prbk.g_00976
OG0001101	Prbn.g_01851	Prbk.g_00975
OG0001102	Prbn.g_01852	Prbk.g_00974
OG0001103	Prbn.g_01853	Prbk.g_00973
OG0001104	Prbn.g_01854	Prbk.g_00972
OG0001105	Prbn.g_01855	Prbk.g_00971
OG0001106	Prbn.g_01856	Prbk.g_00970
OG0001107	Prbn.g_01857	Prbk.g_00969
OG0001108	Prbn.g_01858	Prbk.g_00968
OG0001109	Prbn.g_01859	Prbk.g_00967
OG0001110	Prbn.g_01860	Prbk.g_00966
OG0001111	Prbn.g_01861	Prbk.g_00965
OG0001112	Prbn.g_01862	Prbk.g_00964
OG0001113	Prbn.g_01863	Prbk.g_00963
OG0001114	Prbn.g_01864	Prbk.g_00962
OG0001115	Prbn.g_01865	Prbk.g_00961
OG0001116	Prbn.g_01866	Prbk.g_00960
OG0001117	Prbn.g_01867	Prbk.g_00959
OG0001118	Prbn.g_01868	Prbk.g_00958
OG0001119	Prbn.g_01869	Prbk.g_00957
OG0001120	Prbn.g_01870	Prbk.g_00956
OG0001121	Prbn.g_01872	Prbk.g_00953
OG0001122	Prbn.g_01873	Prbk.g_00952
OG0001123	Prbn.g_01874	Prbk.g_00951
OG0001124	Prbn.g_01876	Prbk.g_00949
OG0001125	Prbn.g_01878	Prbk.g_00947
OG0001126	Prbn.g_01879	Prbk.g_00946
OG0001127	Prbn.g_01882	Prbk.g_00797
OG0001128	Prbn.g_01883	Prbk.g_00798
OG0001129	Prbn.g_01884	Prbk.g_00801
OG0001130	Prbn.g_01887	Prbk.g_00804
OG0001131	Prbn.g_01888	Prbk.g_00805
OG0001132	Prbn.g_01889	Prbk.g_00806
OG0001133	Prbn.g_01890	Prbk.g_00807
OG0001134	Prbn.g_01891	Prbk.g_00808
OG0001135	Prbn.g_01892	Prbk.g_00809
OG0001136	Prbn.g_01893	Prbk.g_00810
OG0001137	Prbn.g_01894	Prbk.g_00811
OG0001138	Prbn.g_01895	Prbk.g_00812
OG0001139	Prbn.g_01897	Prbk.g_00814
OG0001140	Prbn.g_01898	Prbk.g_00816
OG0001141	Prbn.g_01899	Prbk.g_00817
OG0001142	Prbn.g_01903	Prbk.g_00844
OG0001143	Prbn.g_01904	Prbk.g_00845
OG0001144	Prbn.g_01905	Prbk.g_00847
OG0001145	Prbn.g_01906	Prbk.g_00848
OG0001146	Prbn.g_01907	Prbk.g_00849
OG0001147	Prbn.g_01908	Prbk.g_00850
OG0001148	Prbn.g_01909	Prbk.g_00851
OG0001149	Prbn.g_01911	Prbk.g_00506
OG0001150	Prbn.g_01912	Prbk.g_00510
OG0001151	Prbn.g_01916	Prbk.g_00513
OG0001152	Prbn.g_01917	Prbk.g_00514
OG0001153	Prbn.g_01918	Prbk.g_00516
OG0001154	Prbn.g_01920	Prbk.g_00518
OG0001155	Prbn.g_01017	Prbk.g_00521
OG0001156	Prbn.g_01015	Prbk.g_00525
OG0001157	Prbn.g_01013	Prbk.g_00527
OG0001158	Prbn.g_01011	Prbk.g_00529
OG0001159	Prbn.g_01010	Prbk.g_00530
OG0001160	Prbn.g_01009	Prbk.g_00531
OG0001161	Prbn.g_01008	Prbk.g_00215
OG0001162	Prbn.g_01007	Prbk.g_00216
OG0001163	Prbn.g_01006	Prbk.g_00217
OG0001164	Prbn.g_01005	Prbk.g_00218
OG0001165	Prbn.g_01004	Prbk.g_00219
OG0001166	Prbn.g_01003	Prbk.g_00220
OG0001167	Prbn.g_01001	Prbk.g_00231
OG0001168	Prbn.g_01000	Prbk.g_00232
OG0001169	Prbn.g_00999	Prbk.g_00233
OG0001170	Prbn.g_00998	Prbk.g_00235
OG0001171	Prbn.g_00997	Prbk.g_00236
OG0001172	Prbn.g_00995	Prbk.g_00238
OG0001173	Prbn.g_00993	Prbk.g_01482
OG0001174	Prbn.g_00992	Prbk.g_01483
OG0001175	Prbn.g_00991	Prbk.g_01484
OG0001176	Prbn.g_00989	Prbk.g_01494
OG0001177	Prbn.g_00987	Prbk.g_01530
OG0001178	Prbn.g_00984	Prbk.g_01534
OG0001179	Prbn.g_00983	Prbk.g_01535
OG0001180	Prbn.g_00982	Prbk.g_01536
OG0001181	Prbn.g_00981	Prbk.g_01537
OG0001182	Prbn.g_00980	Prbk.g_01538
OG0001183	Prbn.g_00979	Prbk.g_01539
OG0001184	Prbn.g_00977	Prbk.g_01568
OG0001185	Prbn.g_00975	Prbk.g_01571
OG0001186	Prbn.g_00974	Prbk.g_01572
OG0001187	Prbn.g_00973	Prbk.g_01573
OG0001188	Prbn.g_00972	Prbk.g_01576
OG0001189	Prbn.g_00971	Prbk.g_01577
OG0001190	Prbn.g_00970	Prbk.g_01578
OG0001191	Prbn.g_00969	Prbk.g_01580
OG0001192	Prbn.g_00968	Prbk.g_01582
OG0001193	Prbn.g_00967	Prbk.g_01583
OG0001194	Prbn.g_00966	Prbk.g_01585
OG0001195	Prbn.g_00965	Prbk.g_01586
OG0001196	Prbn.g_00964	Prbk.g_01587
OG0001197	Prbn.g_00963	Prbk.g_01588
OG0001198	Prbn.g_00962	Prbk.g_01589
OG0001199	Prbn.g_00961	Prbk.g_01590
OG0001200	Prbn.g_00960	Prbk.g_01592
OG0001201	Prbn.g_00959	Prbk.g_01593
OG0001202	Prbn.g_00958	Prbk.g_01594
OG0001203	Prbn.g_00957	Prbk.g_01596
OG0001204	Prbn.g_00955	Prbk.g_01600
OG0001205	Prbn.g_00953	Prbk.g_01602
OG0001206	Prbn.g_00952	Prbk.g_01603
OG0001207	Prbn.g_00951	Prbk.g_02160
OG0001208	Prbn.g_00950	Prbk.g_02161
OG0001209	Prbn.g_00949	Prbk.g_02162
OG0001210	Prbn.g_00948	Prbk.g_02163
OG0001211	Prbn.g_00947	Prbk.g_02165
OG0001212	Prbn.g_00946	Prbk.g_02166
OG0001213	Prbn.g_00945	Prbk.g_02167
OG0001214	Prbn.g_00943	Prbk.g_02169
OG0001215	Prbn.g_00942	Prbk.g_02171
OG0001216	Prbn.g_00941	Prbk.g_02173
OG0001217	Prbn.g_00940	Prbk.g_02174
OG0001218	Prbn.g_00939	Prbk.g_02175
OG0001219	Prbn.g_00936	Prbk.g_02180
OG0001220	Prbn.g_00935	Prbk.g_02185
OG0001221	Prbn.g_00931	Prbk.g_02207
OG0001222	Prbn.g_00930	Prbk.g_02210
OG0001223	Prbn.g_00929	Prbk.g_02211
OG0001224	Prbn.g_00927	Prbk.g_02213
OG0001225	Prbn.g_00926	Prbk.g_02214
OG0001226	Prbn.g_00925	Prbk.g_02217
OG0001227	Prbn.g_00924	Prbk.g_02218
OG0001228	Prbn.g_00923	Prbk.g_02224
OG0001229	Prbn.g_00922	Prbk.g_02225
OG0001230	Prbn.g_00921	Prbk.g_02226
OG0001231	Prbn.g_00920	Prbk.g_02239
OG0001232	Prbn.g_00917	Prbk.g_02248
OG0001233	Prbn.g_00916	Prbk.g_02249
OG0001234	Prbn.g_00915	Prbk.g_02250
OG0001235	Prbn.g_00914	Prbk.g_02251
OG0001236	Prbn.g_00912	Prbk.g_02253
OG0001237	Prbn.g_00911	Prbk.g_02254
OG0001238	Prbn.g_00908	Prbk.g_02258
OG0001239	Prbn.g_00907	Prbk.g_02260
OG0001240	Prbn.g_00906	Prbk.g_02261
OG0001241	Prbn.g_00291	Prbk.g_02265
OG0001242	Prbn.g_00292	Prbk.g_02267
OG0001243	Prbn.g_00293	Prbk.g_02268
OG0001244	Prbn.g_00294	Prbk.g_02270
OG0001245	Prbn.g_00295	Prbk.g_02272
OG0001246	Prbn.g_00296	Prbk.g_02274
OG0001247	Prbn.g_00297	Prbk.g_02275
OG0001248	Prbn.g_00298	Prbk.g_02276
OG0001249	Prbn.g_00299	Prbk.g_02277
OG0001250	Prbn.g_00300	Prbk.g_02278
OG0001251	Prbn.g_01329	Prbk.g_00028
OG0001252	Prbn.g_01279	Prbk.g_00557
OG0001253	Prbn.g_01264	Prbk.g_00756
OG0001254	Prbn.g_00048	Prbk.g_00418
OG0001255	Prbn.g_00104	Prbk.g_00870
OG0001257	Prbn.g_00632	Prbk.g_02063
OG0001258	Prbn.g_00616	Prbk.g_01861
OG0001259	Prbn.g_00525	Prbk.g_01129
OG0001261	Prbn.g_01510	Prbk.g_02531
OG0001262	Prbn.g_01493	Prbk.g_02554
OG0001264	Prbn.g_01622	Prbk.g_02395
OG0001265	Prbn.g_01375	Prbk.g_00588
OG0001266	Prbn.g_00476	Prbk.g_01682
OG0001267	Prbn.g_01171	Prbk.g_01776
OG0001268	Prbn.g_01186	Prbk.g_01021
OG0001269	Prbn.g_01215	Prbk.g_01198
OG0001270	Prbn.g_00255	Prbk.g_02664
OG0001271	Prbn.g_00268	Prbk.g_01999
OG0001272	Prbn.g_00467	Prbk.g_01841
OG0001273	Prbn.g_00865	Prbk.g_01059
OG0001274	Prbn.g_00134	Prbk.g_01788
OG0001275	Prbn.g_01114	Prbk.g_02082
OG0001276	Prbn.g_01354	Prbk.g_02424
OG0001278	Prbn.g_01736	Prbk.g_00920
OG0001279	Prbn.g_01740	Prbk.g_00915
OG0001280	Prbn.g_01743	Prbk.g_00912
OG0001281	Prbn.g_01814	Prbk.g_01908
OG0001282	Prbn.g_01750	Prbk.g_00901
OG0001283	Prbn.g_01016	Prbk.g_00524
OG0001284	Prbn.g_00985	Prbk.g_01533
OG0001285	Prbn.g_00956	Prbk.g_01598
OG0001287	Prbn.g_00133	Prbk.g_01331, Prbk.g_02697
OG0001288	Prbn.g_00676	Prbk.g_00327
OG0001290	Prbn.g_00751	Prbk.g_01618
OG0001291	Prbn.g_00706	Prbk.g_01317
OG0001292	Prbn.g_00703	Prbk.g_01314
OG0001294	Prbn.g_01328	Prbk.g_00027
OG0001295	Prbn.g_01298	Prbk.g_00200
OG0001296	Prbn.g_01291	Prbk.g_00541
OG0001297	Prbn.g_00354	Prbk.g_01254
OG0001298	Prbn.g_00306	Prbk.g_01013
OG0001299	Prbn.g_00018	Prbk.g_01000
OG0001300	Prbn.g_01104	Prbk.g_00303
OG0001301	Prbn.g_00428	Prbk.g_02633
OG0001303	Prbn.g_01126	Prbk.g_01205
OG0001304	Prbn.g_01462	Prbk.g_00065
OG0001305	Prbn.g_01467	Prbk.g_00060
OG0001306	Prbn.g_00918	Prbk.g_02247
OG0001307	Prbn.g_01103	Prbk.g_02413
OG0001308	Prbn.g_00875	Prbk.g_01664
OG0001309	Prbn.g_00954	Prbk.g_01601
OG0001310	Prbn.g_01024	Prbk.g_01692
OG0001311	Prbn.g_00395	Prbk.g_00134
OG0001312	Prbn.g_01214	Prbk.g_01197
OG0001313	Prbn.g_00691	Prbk.g_01637
OG0001315	Prbn.g_01804	Prbk.g_01382
OG0001316	Prbn.g_01919	Prbk.g_00517
OG0001319	Prbn.g_00312	Prbk.g_01519
OG0001320	Prbn.g_00146	Prbk.g_01098
OG0001324	Prbn.g_00774	Prbk.g_02659
OG0001326	Prbn.g_00138	Prbk.g_01737
OG0001327	Prbn.g_00876	Prbk.g_01193
OG0001328	Prbn.g_01079	Prbk.g_01177
OG0001329	Prbn.g_00909	Prbk.g_02256
OG0001331	Prbn.g_01741	Prbk.g_00914
OG0001332	Prbn.g_01793	Prbk.g_01406
OG0001333	Prbn.g_01885	Prbk.g_00802
OG0001336	Prbn.g_01289	Prbk.g_00543
OG0001337	Prbn.g_01299	Prbk.g_00198
OG0001339	Prbn.g_00350	Prbk.g_01250
OG0001340	Prbn.g_00014	Prbk.g_01007
OG0001341	Prbn.g_00027	Prbk.g_00381
OG0001342	Prbn.g_00047	Prbk.g_00417
OG0001343	Prbn.g_00110	Prbk.g_00877
OG0001345	Prbn.g_00679	Prbk.g_00330
OG0001346	Prbn.g_00642	Prbk.g_02110
OG0001347	Prbn.g_00628	Prbk.g_02067
OG0001350	Prbn.g_00600	Prbk.g_01053
OG0001351	Prbn.g_00539	Prbk.g_01114
OG0001353	Prbn.g_00326	Prbk.g_00651
OG0001355	Prbn.g_01503	Prbk.g_02538
OG0001357	Prbn.g_01390	Prbk.g_00570
OG0001358	Prbn.g_01376	Prbk.g_00587
OG0001361	Prbn.g_00416	Prbk.g_00176
OG0001362	Prbn.g_00810	Prbk.g_01933
OG0001366	Prbn.g_01783	Prbk.g_01416
OG0001368	Prbn.g_00986	Prbk.g_01532
OG0001369	Prbn.g_01374	Prbk.g_00589
OG0001375	Prbn.g_01281	Prbk.g_00553
OG0001378	Prbn.g_00040	Prbk.g_00407
OG0001380	Prbn.g_01566	Prbk.g_01039
OG0001381	Prbn.g_00656	Prbk.g_00300
OG0001384	Prbn.g_00595	Prbk.g_01062
OG0001396	Prbn.g_01707	Prbk.g_02365
OG0001410	Prbn.g_00148	Prbk.g_00671
OG0001412	Prbn.g_01438	Prbk.g_02354
OG0001425	Prbn.g_01121	Prbk.g_00623
OG0001429	Prbn.g_01408	Prbk.g_02308
OG0001430	Prbn.g_01029	Prbk.g_01656
OG0001436	Prbn.g_01733	Prbk.g_02191
OG0001439	Prbn.g_01513	Prbk.g_02529
OG0001448	Prbn.g_01637	Prbk.g_01694
OG0001451	Prbn.g_00787	Prbk.g_01945, Prbk.g_02679
OG0001452	Prbn.g_00937	Prbk.g_02177
OG0001453	Prbn.g_00790	Prbk.g_01742
OG0001455	Prbn.g_00792	Prbk.g_01663, Prbk.g_01668
OG0001456	Prbn.g_00526	Prbk.g_01128
OG0001466	Prbn.g_00877	Prbk.g_00625
OG0001471	Prbn.g_00784	Prbk.g_02513
OG0001483	Prbn.g_01090	Prbk.g_01191
OG0001486	Prbn.g_01601	Prbk.g_02441
OG0001487	Prbn.g_00490	Prbk.g_02612
OG0001489	Prbn.g_01836	Prbk.g_00833
OG0001504	Prbn.g_01606	Prbk.g_02437
OG0001508	Prbn.g_01710	Prbk.g_02665
OG0001531	Prbn.g_00799, Prbn.g_00825	Prbk.g_01677, Prbk.g_00171
OG0001544	Prbn.g_00129	Prbk.g_00357
OG0001545	Prbn.g_01625	Prbk.g_02392
OG0001546	Prbn.g_01508	Prbk.g_02533
OG0001547	Prbn.g_01051, Prbn.g_00776	Prbk.g_01702
OG0001548	Prbn.g_01130, Prbn.g_00815	Prbk.g_02116
OG0001574	Prbn.g_00811	Prbk.g_01332
OG0001587	Prbn.g_00725	Prbk.g_00296
OG0001588	Prbn.g_01128	Prbk.g_00922
OG0001593	Prbn.g_00651	Prbk.g_02516
OG0001608	Prbn.g_00873	Prbk.g_00837, Prbk.g_00838
OG0001622	Prbn.g_00830	Prbk.g_01751
OG0001632	Prbn.g_00882	Prbk.g_00909
OG0001633	Prbn.g_00874	Prbk.g_01960
OG0001634	Prbn.g_00831	Prbk.g_01752
OG0001635	Prbn.g_00832	Prbk.g_01755
OG0001636	Prbn.g_00833	Prbk.g_01756
OG0001694	Prbn.g_00688	Prbk.g_00504
OG0001697	Prbn.g_01712, Prbn.g_01943	Prbk.g_01787
OG0001714	Prbn.g_00252	Prbk.g_01206
OG0001715	Prbn.g_00990	Prbk.g_01485
OG0001716	Prbn.g_00393	Prbk.g_00136
OG0001717	Prbn.g_01936	Prbk.g_01652
OG0001718	Prbn.g_01942	Prbk.g_01658
OG0001719	Prbn.g_00106	Prbk.g_00872
OG0001737	Prbn.g_00741	Prbk.g_01605
OG0001738	Prbn.g_01307	Prbk.g_00003
OG0001739	Prbn.g_01308	Prbk.g_00005
OG0001740	Prbn.g_01309	Prbk.g_00006
OG0001741	Prbn.g_01320	Prbk.g_00019
OG0001742	Prbn.g_01132	Prbk.g_01517
OG0001743	Prbn.g_00311	Prbk.g_01516
OG0001744	Prbn.g_01791	Prbk.g_01408
OG0001745	Prbn.g_00550	Prbk.g_01875
OG0001746	Prbn.g_01070	Prbk.g_01168
OG0001747	Prbn.g_01202	Prbk.g_00159
OG0001748	Prbn.g_01571	Prbk.g_01809
OG0001749	Prbn.g_01581	Prbk.g_01840
OG0001750	Prbn.g_01362	Prbk.g_00597
OG0001751	Prbn.g_01372	Prbk.g_00591
OG0001752	Prbn.g_01378	Prbk.g_00585
OG0001753	Prbn.g_01422	Prbk.g_02328
OG0001754	Prbn.g_01457	Prbk.g_02381
OG0001755	Prbn.g_01609	Prbk.g_02428
OG0001756	Prbn.g_01541	Prbk.g_02473
OG0001757	Prbn.g_00135	Prbk.g_02552
OG0001758	Prbn.g_01492	Prbk.g_02555
OG0001759	Prbn.g_01485	Prbk.g_02569
OG0001760	Prbn.g_01631	Prbk.g_02579
OG0001761	Prbn.g_01592	Prbk.g_02583
OG0001762	Prbn.g_00839	Prbk.g_00716
OG0001763	Prbn.g_01296	Prbk.g_02119
OG0001764	Prbn.g_00695	Prbk.g_00363
OG0001765	Prbn.g_00097	Prbk.g_00859
OG0001766	Prbn.g_00096	Prbk.g_00858
OG0001767	Prbn.g_00095	Prbk.g_00856
OG0001768	Prbn.g_00094	Prbk.g_00855
OG0001769	Prbn.g_00093	Prbk.g_00854
OG0001770	Prbn.g_01896	Prbk.g_00813
OG0001771	Prbn.g_01880	Prbk.g_00945
OG0001772	Prbn.g_01287	Prbk.g_00545
OG0001773	Prbn.g_00718	Prbk.g_00558
OG0001774	Prbn.g_00374	Prbk.g_00787
OG0001775	Prbn.g_00368	Prbk.g_01276
OG0001776	Prbn.g_01098	Prbk.g_00673
OG0001777	Prbn.g_00938	Prbk.g_02176
OG0001778	Prbn.g_00934	Prbk.g_02186
OG0001779	Prbn.g_00933	Prbk.g_02187
OG0001780	Prbn.g_01367	Prbk.g_02188
OG0001781	Prbn.g_00928	Prbk.g_02212
OG0001782	Prbn.g_00919	Prbk.g_02246
OG0001795	Prbn.g_00553	Prbk.g_01878
OG0001799	Prbn.g_00888	Prbk.g_01648
OG0001800	Prbn.g_01677	Prbk.g_01680
OG0001801	Prbn.g_01139	Prbk.g_01681
OG0001802	Prbn.g_00817	Prbk.g_01806
OG0001803	Prbn.g_01385	Prbk.g_00577
OG0001831	Prbn.g_01184	Prbk.g_01023
OG0001832	Prbn.g_01196	Prbk.g_00148
OG0001852	Prbn.g_01043	Prbk.g_00173
OG0001883	Prbn.g_00747	Prbk.g_01612
OG0001884	Prbn.g_01002	Prbk.g_00229
OG0001885	Prbn.g_00261	Prbk.g_02005
OG0001886	Prbn.g_00555	Prbk.g_01880
OG0001887	Prbn.g_00385	Prbk.g_01500
OG0001888	Prbn.g_01675	Prbk.g_01713
OG0001891	Prbn.g_01567	Prbk.g_01955
OG0001892	Prbn.g_01638	Prbk.g_00921
OG0001893	Prbn.g_01459	Prbk.g_00069
OG0001894	Prbn.g_01429	Prbk.g_02338
OG0001895	Prbn.g_00710	Prbk.g_02519
OG0001896	Prbn.g_00797	Prbk.g_02585
OG0001897	Prbn.g_00114	Prbk.g_00886
OG0001898	Prbn.g_00019	Prbk.g_00370
OG0001899	Prbn.g_00734	Prbk.g_02149
OG0001900	Prbn.g_00735	Prbk.g_02150
OG0001901	Prbn.g_00739	Prbk.g_02159
OG0001902	Prbn.g_00910	Prbk.g_02255
OG0001905	Prbn.g_01713, Prbn.g_01695	Prbk.g_00109
OG0001920	Prbn.g_01756	Prbk.g_01446
OG0001921	Prbn.g_00431	Prbk.g_02636
OG0001923	Prbn.g_01689	Prbk.g_00358
OG0001925	Prbn.g_00869	Prbk.g_02026
OG0001967	Prbn.g_00150	Prbk.g_01464
OG0001968	Prbn.g_00259	Prbk.g_02007
OG0001970	Prbn.g_01031	Prbk.g_01813
OG0001971	Prbn.g_01032	Prbk.g_01814
OG0001972	Prbn.g_01397	Prbk.g_02294
OG0001973	Prbn.g_01258	Prbk.g_00762
OG0001980	Prbn.g_01387	Prbk.g_01342
OG0001994	Prbn.g_00687	Prbk.g_00745
OG0001995	Prbn.g_00753	Prbk.g_01620
OG0001997	Prbn.g_01037	Prbk.g_01491
OG0001998	Prbn.g_01036	Prbk.g_01490
OG0001999	Prbn.g_01035	Prbk.g_01489
OG0002004	Prbn.g_00723	Prbk.g_00498
OG0002040	Prbn.g_01679	Prbk.g_00369
OG0002044	Prbn.g_00344	Prbk.g_00689
OG0002071	Prbn.g_00124	Prbk.g_02027
