	Praa	Prab	Prac	Prad	Prae	Praf	Prag	Prah	Prai	Praj	Prak	Pral	Pram	Pran	Prao	Prap	Praq	Prar	Pras	Prat	Prau	Prav	Praw	Prax	Pray	Praz	Prba	Prbb	Prbc	Prbd	Prbe	Prbf	Prbg	Prbh	Prbi	Prbj	Prbk	Prbl	Prbm	Prbn	Syaa	Syab	Syac	Syad	Syae	Syaf	Syag	Syah	Syai	Syaj	Syak	Syal	Syam	Syan	Syao	Syap	Syaq	Syar	Syas	Syat
Praa	1805	1677	1653	1704	1680	1397	1678	1391	1638	1519	1466	1447	1451	1676	1668	1464	1645	1653	1692	1443	1702	1677	1673	1687	1697	1695	1697	1516	1515	1692	1466	1466	1466	1451	1705	1383	1383	1381	1520	1463	1424	1428	1417	1434	1426	1419	1417	1416	1424	1421	1411	1435	1420	1383	1392	1164	1386	1379	1376	1373
Prab	1677	1841	1642	1676	1677	1398	1659	1388	1635	1514	1456	1440	1444	1839	1639	1454	1642	1643	1659	1436	1662	1664	1654	1706	1672	1670	1673	1513	1510	1684	1456	1456	1456	1444	1689	1377	1377	1374	1520	1453	1426	1418	1410	1431	1425	1420	1412	1412	1426	1417	1414	1423	1423	1392	1398	1171	1380	1377	1371	1382
Prac	1653	1642	1851	1705	1640	1407	1649	1392	1634	1512	1453	1447	1461	1642	1636	1450	1826	1837	1688	1442	1695	1657	1642	1692	1685	1684	1685	1516	1516	1649	1453	1452	1452	1461	1670	1386	1386	1383	1520	1450	1425	1426	1409	1420	1423	1422	1420	1411	1428	1417	1414	1426	1421	1386	1391	1159	1380	1376	1370	1375
Prad	1704	1676	1705	1850	1686	1413	1680	1410	1666	1527	1467	1465	1458	1675	1704	1465	1697	1701	1732	1467	1730	1685	1675	1695	1719	1714	1714	1526	1529	1707	1468	1466	1467	1458	1717	1403	1403	1401	1541	1464	1445	1445	1429	1440	1444	1439	1438	1437	1445	1437	1438	1446	1440	1405	1409	1172	1403	1397	1385	1387
Prae	1680	1677	1640	1686	1802	1416	1684	1401	1609	1519	1448	1456	1443	1676	1672	1446	1636	1641	1664	1453	1676	1714	1679	1695	1684	1681	1684	1517	1513	1685	1448	1448	1448	1443	1702	1391	1391	1388	1524	1445	1444	1433	1415	1438	1445	1435	1430	1431	1444	1434	1437	1431	1428	1393	1400	1164	1394	1391	1383	1384
Praf	1397	1398	1407	1413	1416	2314	1417	2122	1380	1476	1482	1481	1473	1397	1404	1478	1402	1410	1394	1486	1406	1433	1415	1413	1407	1404	1406	1488	1477	1409	1482	1480	1481	1473	1421	2126	2125	2120	1491	1478	1734	1784	1734	1801	1774	1785	1822	1751	1763	1791	1805	1802	1684	1742	1724	1405	1760	1720	1710	1735
Prag	1678	1659	1649	1680	1684	1417	1849	1409	1623	1527	1469	1459	1463	1659	1673	1466	1649	1651	1649	1459	1672	1716	1836	1681	1679	1678	1679	1528	1522	1673	1469	1468	1468	1463	1688	1401	1401	1397	1534	1466	1441	1437	1423	1439	1444	1437	1433	1429	1442	1433	1429	1447	1441	1403	1408	1170	1399	1386	1383	1382
Prah	1391	1388	1392	1410	1401	2122	1409	2213	1374	1467	1471	1473	1457	1387	1399	1467	1388	1395	1389	1478	1395	1422	1408	1401	1398	1398	1398	1473	1472	1402	1471	1469	1470	1457	1415	2069	2068	2068	1478	1467	1720	1768	1724	1771	1756	1773	1810	1726	1751	1758	1780	1781	1688	1726	1714	1400	1740	1709	1696	1698
Prai	1638	1635	1634	1666	1609	1380	1623	1374	1788	1489	1449	1442	1450	1634	1612	1446	1623	1631	1658	1437	1671	1610	1619	1621	1653	1652	1652	1491	1497	1621	1449	1448	1448	1450	1642	1372	1372	1369	1499	1446	1412	1414	1393	1407	1416	1408	1405	1400	1415	1410	1403	1429	1407	1379	1399	1159	1374	1375	1369	1372
Praj	1519	1514	1512	1527	1519	1476	1527	1467	1489	1936	1549	1534	1534	1514	1512	1545	1508	1511	1513	1532	1516	1534	1527	1525	1521	1519	1519	1899	1874	1527	1547	1547	1547	1534	1534	1459	1460	1455	1865	1544	1474	1456	1460	1470	1481	1473	1463	1465	1482	1464	1464	1469	1485	1431	1443	1188	1423	1425	1412	1413
Prak	1466	1456	1453	1467	1448	1482	1469	1471	1449	1549	1840	1589	1640	1455	1449	1832	1449	1453	1452	1592	1456	1471	1468	1457	1461	1458	1459	1559	1558	1451	1837	1835	1836	1640	1471	1465	1465	1463	1551	1833	1451	1461	1448	1468	1458	1456	1454	1451	1465	1451	1450	1446	1452	1420	1438	1179	1413	1409	1399	1411
Pral	1447	1440	1447	1465	1456	1481	1459	1473	1442	1534	1589	1741	1594	1439	1453	1585	1443	1447	1443	1650	1450	1471	1458	1449	1451	1450	1450	1536	1537	1443	1588	1587	1588	1594	1465	1466	1466	1464	1549	1585	1446	1453	1442	1454	1456	1457	1445	1456	1454	1453	1441	1448	1446	1417	1427	1177	1418	1404	1397	1408
Pram	1451	1444	1461	1458	1443	1473	1463	1457	1450	1534	1640	1594	1848	1443	1450	1637	1455	1461	1453	1587	1456	1463	1461	1460	1459	1458	1459	1550	1548	1448	1639	1639	1639	1848	1475	1453	1452	1450	1548	1636	1441	1452	1434	1444	1439	1444	1445	1437	1445	1440	1436	1437	1440	1411	1429	1178	1407	1399	1399	1414
Pran	1676	1839	1642	1675	1676	1397	1659	1387	1634	1514	1455	1439	1443	1843	1638	1453	1642	1643	1658	1435	1661	1664	1654	1705	1672	1670	1673	1513	1511	1684	1455	1455	1455	1443	1690	1376	1376	1373	1520	1452	1425	1417	1409	1430	1424	1419	1411	1411	1425	1416	1413	1422	1422	1391	1397	1170	1379	1376	1370	1381
Prao	1668	1639	1636	1704	1672	1404	1673	1399	1612	1512	1449	1453	1450	1638	1768	1446	1636	1638	1658	1454	1662	1667	1673	1676	1684	1678	1678	1516	1510	1683	1449	1448	1448	1450	1694	1388	1388	1387	1526	1446	1438	1437	1421	1433	1438	1436	1424	1432	1441	1426	1426	1434	1435	1399	1405	1165	1394	1384	1385	1385
Prap	1464	1454	1450	1465	1446	1478	1466	1467	1446	1545	1832	1585	1637	1453	1446	1842	1446	1450	1450	1588	1454	1468	1465	1455	1458	1455	1456	1556	1554	1449	1836	1837	1832	1637	1469	1461	1461	1459	1547	1838	1448	1458	1445	1465	1455	1453	1451	1448	1462	1448	1447	1443	1449	1417	1435	1176	1410	1406	1396	1408
Praq	1645	1642	1826	1697	1636	1402	1649	1388	1623	1508	1449	1443	1455	1642	1636	1446	1843	1828	1682	1440	1687	1655	1642	1692	1679	1678	1679	1512	1510	1647	1449	1448	1448	1455	1668	1384	1384	1381	1514	1446	1420	1424	1406	1417	1421	1418	1417	1409	1424	1413	1410	1423	1418	1384	1390	1158	1378	1372	1366	1371
Prar	1653	1643	1837	1701	1641	1410	1651	1395	1631	1511	1453	1447	1461	1643	1638	1450	1828	1853	1690	1444	1695	1660	1644	1693	1685	1684	1684	1516	1516	1653	1453	1452	1452	1461	1675	1387	1387	1384	1519	1450	1426	1426	1409	1420	1425	1422	1419	1411	1428	1417	1413	1430	1420	1387	1390	1159	1382	1377	1369	1373
Pras	1692	1659	1688	1732	1664	1394	1649	1389	1658	1513	1452	1443	1453	1658	1658	1450	1682	1690	1830	1442	1755	1663	1646	1672	1705	1703	1705	1521	1519	1675	1452	1452	1452	1453	1704	1382	1382	1379	1520	1449	1430	1428	1420	1422	1429	1419	1420	1416	1432	1420	1417	1430	1424	1382	1397	1159	1387	1376	1370	1366
Prat	1443	1436	1442	1467	1453	1486	1459	1478	1437	1532	1592	1650	1587	1435	1454	1588	1440	1444	1442	1733	1450	1467	1459	1447	1444	1443	1443	1540	1542	1445	1590	1590	1591	1587	1460	1468	1468	1465	1550	1587	1457	1462	1449	1460	1466	1465	1459	1465	1465	1460	1446	1452	1461	1426	1437	1181	1421	1413	1399	1406
Prau	1702	1662	1695	1730	1676	1406	1672	1395	1671	1516	1456	1450	1456	1661	1662	1454	1687	1695	1755	1450	1851	1668	1669	1681	1706	1703	1705	1524	1520	1675	1456	1456	1456	1456	1708	1390	1390	1386	1525	1453	1438	1438	1423	1434	1442	1429	1430	1432	1440	1433	1425	1447	1430	1396	1407	1169	1395	1381	1376	1376
Prav	1677	1664	1657	1685	1714	1433	1716	1422	1610	1534	1471	1471	1463	1664	1667	1468	1655	1660	1663	1467	1668	1848	1715	1691	1680	1679	1682	1534	1535	1682	1471	1470	1470	1463	1701	1410	1410	1407	1544	1468	1449	1429	1428	1447	1446	1444	1436	1438	1449	1440	1434	1443	1443	1402	1409	1177	1401	1396	1392	1392
Praw	1673	1654	1642	1675	1679	1415	1836	1408	1619	1527	1468	1458	1461	1654	1673	1465	1642	1644	1646	1459	1669	1715	1842	1676	1674	1674	1674	1528	1522	1668	1468	1467	1467	1461	1683	1400	1400	1397	1535	1465	1438	1435	1421	1435	1440	1435	1431	1427	1438	1431	1427	1446	1437	1400	1405	1168	1395	1384	1381	1379
Prax	1687	1706	1692	1695	1695	1413	1681	1401	1621	1525	1457	1449	1460	1705	1676	1455	1692	1693	1672	1447	1681	1691	1676	1837	1688	1686	1688	1525	1519	1707	1457	1457	1457	1460	1718	1394	1394	1391	1530	1454	1445	1427	1428	1439	1441	1438	1438	1426	1441	1434	1432	1436	1437	1412	1422	1180	1401	1387	1389	1394
Pray	1697	1672	1685	1719	1684	1407	1679	1398	1653	1521	1461	1451	1459	1672	1684	1458	1679	1685	1705	1444	1706	1680	1674	1688	1849	1836	1838	1522	1523	1696	1461	1460	1460	1459	1712	1392	1392	1389	1525	1458	1434	1431	1426	1431	1432	1423	1425	1424	1437	1425	1425	1436	1434	1400	1406	1168	1390	1381	1381	1377
Praz	1695	1670	1684	1714	1681	1404	1678	1398	1652	1519	1458	1450	1458	1670	1678	1455	1678	1684	1703	1443	1703	1679	1674	1686	1836	1843	1840	1521	1523	1693	1458	1457	1457	1458	1705	1393	1392	1389	1526	1455	1432	1430	1425	1430	1431	1423	1424	1420	1432	1425	1424	1437	1432	1396	1402	1170	1390	1381	1380	1378
Prba	1697	1673	1685	1714	1684	1406	1679	1398	1652	1519	1459	1450	1459	1673	1678	1456	1679	1684	1705	1443	1705	1682	1674	1688	1838	1840	1848	1521	1523	1695	1459	1458	1458	1459	1706	1393	1393	1389	1527	1456	1432	1431	1425	1431	1431	1423	1425	1420	1433	1426	1424	1437	1432	1396	1403	1170	1390	1382	1381	1379
Prbb	1516	1513	1516	1526	1517	1488	1528	1473	1491	1899	1559	1536	1550	1513	1516	1556	1512	1516	1521	1540	1524	1534	1528	1525	1522	1521	1521	1965	1875	1523	1557	1558	1558	1550	1547	1461	1461	1456	1870	1554	1486	1474	1473	1484	1496	1484	1471	1478	1494	1473	1468	1473	1492	1440	1449	1193	1430	1431	1420	1416
Prbc	1515	1510	1516	1529	1513	1477	1522	1472	1497	1874	1558	1537	1548	1511	1510	1554	1510	1516	1519	1542	1520	1535	1522	1519	1523	1523	1523	1875	1969	1540	1557	1556	1557	1548	1561	1468	1468	1464	1858	1554	1486	1477	1475	1484	1490	1486	1476	1483	1496	1477	1481	1486	1498	1443	1456	1189	1419	1429	1423	1423
Prbd	1692	1684	1649	1707	1685	1409	1673	1402	1621	1527	1451	1443	1448	1684	1683	1449	1647	1653	1675	1445	1675	1682	1668	1707	1696	1693	1695	1523	1540	1802	1451	1451	1451	1448	1726	1395	1395	1392	1532	1448	1457	1448	1433	1453	1451	1446	1447	1439	1457	1443	1444	1456	1452	1418	1422	1187	1401	1399	1396	1404
Prbe	1466	1456	1453	1468	1448	1482	1469	1471	1449	1547	1837	1588	1639	1455	1449	1836	1449	1453	1452	1590	1456	1471	1468	1457	1461	1458	1459	1557	1557	1451	1843	1839	1838	1639	1471	1465	1465	1463	1549	1837	1451	1461	1448	1468	1458	1456	1454	1451	1465	1451	1450	1446	1452	1420	1438	1179	1413	1409	1399	1411
Prbf	1466	1456	1452	1466	1448	1480	1468	1469	1448	1547	1835	1587	1639	1455	1448	1837	1448	1452	1452	1590	1456	1470	1467	1457	1460	1457	1458	1558	1556	1451	1839	1842	1836	1639	1471	1463	1463	1461	1549	1838	1450	1460	1447	1467	1457	1455	1453	1450	1464	1450	1449	1445	1451	1419	1437	1178	1412	1408	1398	1410
Prbg	1466	1456	1452	1467	1448	1481	1468	1470	1448	1547	1836	1588	1639	1455	1448	1832	1448	1452	1452	1591	1456	1470	1467	1457	1460	1457	1458	1558	1557	1451	1838	1836	1841	1639	1471	1464	1464	1462	1550	1833	1451	1461	1448	1468	1458	1456	1454	1451	1465	1451	1450	1446	1452	1420	1438	1179	1413	1409	1399	1411
Prbh	1451	1444	1461	1458	1443	1473	1463	1457	1450	1534	1640	1594	1848	1443	1450	1637	1455	1461	1453	1587	1456	1463	1461	1460	1459	1458	1459	1550	1548	1448	1639	1639	1639	1848	1475	1453	1452	1450	1548	1636	1441	1452	1434	1444	1439	1444	1445	1437	1445	1440	1436	1437	1440	1411	1429	1178	1407	1399	1399	1414
Prbi	1705	1689	1670	1717	1702	1421	1688	1415	1642	1534	1471	1465	1475	1690	1694	1469	1668	1675	1704	1460	1708	1701	1683	1718	1712	1705	1706	1547	1561	1726	1471	1471	1471	1475	1876	1397	1397	1394	1546	1468	1462	1451	1451	1460	1460	1454	1446	1451	1466	1449	1447	1456	1458	1423	1426	1174	1399	1399	1398	1398
Prbj	1383	1377	1386	1403	1391	2126	1401	2069	1372	1459	1465	1466	1453	1376	1388	1461	1384	1387	1382	1468	1390	1410	1400	1394	1392	1393	1393	1461	1468	1395	1465	1463	1464	1453	1397	2512	2503	2489	1467	1461	1702	1772	1713	1773	1750	1760	1807	1725	1731	1759	1788	1800	1671	1722	1716	1402	1730	1709	1689	1710
Prbk	1383	1377	1386	1403	1391	2125	1401	2068	1372	1460	1465	1466	1452	1376	1388	1461	1384	1387	1382	1468	1390	1410	1400	1394	1392	1392	1393	1461	1468	1395	1465	1463	1464	1452	1397	2503	2516	2492	1468	1461	1700	1774	1713	1771	1750	1760	1809	1725	1731	1758	1787	1802	1672	1722	1716	1400	1729	1708	1689	1709
Prbl	1381	1374	1383	1401	1388	2120	1397	2068	1369	1455	1463	1464	1450	1373	1387	1459	1381	1384	1379	1465	1386	1407	1397	1391	1389	1389	1389	1456	1464	1392	1463	1461	1462	1450	1394	2489	2492	2503	1463	1459	1694	1769	1708	1766	1745	1753	1803	1720	1725	1753	1783	1796	1667	1720	1714	1398	1725	1705	1685	1707
Prbm	1520	1520	1520	1541	1524	1491	1534	1478	1499	1865	1551	1549	1548	1520	1526	1547	1514	1519	1520	1550	1525	1544	1535	1530	1525	1526	1527	1870	1858	1532	1549	1549	1550	1548	1546	1467	1468	1463	1957	1546	1489	1469	1473	1488	1494	1489	1476	1485	1495	1483	1478	1479	1498	1448	1456	1198	1435	1436	1428	1432
Prbn	1463	1453	1450	1464	1445	1478	1466	1467	1446	1544	1833	1585	1636	1452	1446	1838	1446	1450	1449	1587	1453	1468	1465	1454	1458	1455	1456	1554	1554	1448	1837	1838	1833	1636	1468	1461	1461	1459	1546	1842	1447	1457	1444	1464	1454	1452	1450	1447	1461	1447	1446	1442	1448	1416	1434	1175	1409	1405	1395	1407
Syaa	1424	1426	1425	1445	1444	1734	1441	1720	1412	1474	1451	1446	1441	1425	1438	1448	1420	1426	1430	1457	1438	1449	1438	1445	1434	1432	1432	1486	1486	1457	1451	1450	1451	1441	1462	1702	1700	1694	1489	1447	2353	1932	2002	2067	2121	2054	1980	2000	2101	2075	1998	1964	1998	1869	1872	1500	1910	1869	1868	1848
Syab	1428	1418	1426	1445	1433	1784	1437	1768	1414	1456	1461	1453	1452	1417	1437	1458	1424	1426	1428	1462	1438	1429	1435	1427	1431	1430	1431	1474	1477	1448	1461	1460	1461	1452	1451	1772	1774	1769	1469	1457	1932	2405	1964	1995	1973	2040	2049	1963	1966	1986	2060	2203	1907	1924	1918	1512	1933	1881	1860	1880
Syac	1417	1410	1409	1429	1415	1734	1423	1724	1393	1460	1448	1442	1434	1409	1421	1445	1406	1409	1420	1449	1423	1428	1421	1428	1426	1425	1425	1473	1475	1433	1448	1447	1448	1434	1451	1713	1713	1708	1473	1444	2002	1964	2263	2022	2023	2006	1944	2136	2025	2008	1947	1969	1948	1816	1825	1446	1829	1791	1801	1769
Syad	1434	1431	1420	1440	1438	1801	1439	1771	1407	1470	1468	1454	1444	1430	1433	1465	1417	1420	1422	1460	1434	1447	1435	1439	1431	1430	1431	1484	1484	1453	1468	1467	1468	1444	1460	1773	1771	1766	1488	1464	2067	1995	2022	2543	2131	2071	2027	2010	2121	2372	2036	2002	1953	1908	1884	1511	1926	1889	1895	1886
Syae	1426	1425	1423	1444	1445	1774	1444	1756	1416	1481	1458	1456	1439	1424	1438	1455	1421	1425	1429	1466	1442	1446	1440	1441	1432	1431	1431	1496	1490	1451	1458	1457	1458	1439	1460	1750	1750	1745	1494	1454	2121	1973	2023	2131	2384	2072	2020	2031	2093	2136	2054	2033	1996	1891	1897	1523	1931	1886	1880	1865
Syaf	1419	1420	1422	1439	1435	1785	1437	1773	1408	1473	1456	1457	1444	1419	1436	1453	1418	1422	1419	1465	1429	1444	1435	1438	1423	1423	1423	1484	1486	1446	1456	1455	1456	1444	1454	1760	1760	1753	1489	1452	2054	2040	2006	2071	2072	2430	2054	2017	2189	2063	2058	2014	2035	1923	1906	1524	1915	1884	1899	1875
Syag	1417	1412	1420	1438	1430	1822	1433	1810	1405	1463	1454	1445	1445	1411	1424	1451	1417	1419	1420	1459	1430	1436	1431	1438	1425	1424	1425	1471	1476	1447	1454	1453	1454	1445	1446	1807	1809	1803	1476	1450	1980	2049	1944	2027	2020	2054	2418	1960	2024	2014	2067	2085	1935	1955	1956	1552	2002	1903	1887	1888
Syah	1416	1412	1411	1437	1431	1751	1429	1726	1400	1465	1451	1456	1437	1411	1432	1448	1409	1411	1416	1465	1432	1438	1427	1426	1424	1420	1420	1478	1483	1439	1451	1450	1451	1437	1451	1725	1725	1720	1485	1447	2000	1963	2136	2010	2031	2017	1960	2286	2042	2006	1944	1973	1950	1808	1830	1456	1824	1804	1800	1774
Syai	1424	1426	1428	1445	1444	1763	1442	1751	1415	1482	1465	1454	1445	1425	1441	1462	1424	1428	1432	1465	1440	1449	1438	1441	1437	1432	1433	1494	1496	1457	1465	1464	1465	1445	1466	1731	1731	1725	1495	1461	2101	1966	2025	2121	2093	2189	2024	2042	2474	2110	2021	1977	2095	1879	1894	1489	1879	1851	1865	1839
Syaj	1421	1417	1417	1437	1434	1791	1433	1758	1410	1464	1451	1453	1440	1416	1426	1448	1413	1417	1420	1460	1433	1440	1431	1434	1425	1425	1426	1473	1477	1443	1451	1450	1451	1440	1449	1759	1758	1753	1483	1447	2075	1986	2008	2372	2136	2063	2014	2006	2110	2515	2023	1992	1949	1903	1876	1508	1933	1873	1879	1884
Syak	1411	1414	1414	1438	1437	1805	1429	1780	1403	1464	1450	1441	1436	1413	1426	1447	1410	1413	1417	1446	1425	1434	1427	1432	1425	1424	1424	1468	1481	1444	1450	1449	1450	1436	1447	1788	1787	1783	1478	1446	1998	2060	1947	2036	2054	2058	2067	1944	2021	2023	2415	2114	1928	1977	1956	1560	2004	1932	1934	1932
Syal	1435	1423	1426	1446	1431	1802	1447	1781	1429	1469	1446	1448	1437	1422	1434	1443	1423	1430	1430	1452	1447	1443	1446	1436	1436	1437	1437	1473	1486	1456	1446	1445	1446	1437	1456	1800	1802	1796	1479	1442	1964	2203	1969	2002	2033	2014	2085	1973	1977	1992	2114	2489	1919	1958	1939	1558	1960	1916	1884	1914
Syam	1420	1423	1421	1440	1428	1684	1441	1688	1407	1485	1452	1446	1440	1422	1435	1449	1418	1420	1424	1461	1430	1443	1437	1437	1434	1432	1432	1492	1498	1452	1452	1451	1452	1440	1458	1671	1672	1667	1498	1448	1998	1907	1948	1953	1996	2035	1935	1950	2095	1949	1928	1919	2192	1814	1835	1445	1811	1766	1764	1752
Syan	1383	1392	1386	1405	1393	1742	1403	1726	1379	1431	1420	1417	1411	1391	1399	1417	1384	1387	1382	1426	1396	1402	1400	1412	1400	1396	1396	1440	1443	1418	1420	1419	1420	1411	1423	1722	1722	1720	1448	1416	1869	1924	1816	1908	1891	1923	1955	1808	1879	1903	1977	1958	1814	2520	2124	1636	2013	2038	2037	2086
Syao	1392	1398	1391	1409	1400	1724	1408	1714	1399	1443	1438	1427	1429	1397	1405	1435	1390	1390	1397	1437	1407	1409	1405	1422	1406	1402	1403	1449	1456	1422	1438	1437	1438	1429	1426	1716	1716	1714	1456	1434	1872	1918	1825	1884	1897	1906	1956	1830	1894	1876	1956	1939	1835	2124	2356	1591	1894	1948	1950	1962
Syap	1164	1171	1159	1172	1164	1405	1170	1400	1159	1188	1179	1177	1178	1170	1165	1176	1158	1159	1159	1181	1169	1177	1168	1180	1168	1170	1170	1193	1189	1187	1179	1178	1179	1178	1174	1402	1400	1398	1198	1175	1500	1512	1446	1511	1523	1524	1552	1456	1489	1508	1560	1558	1445	1636	1591	1974	1577	1701	1691	1736
Syaq	1386	1380	1380	1403	1394	1760	1399	1740	1374	1423	1413	1418	1407	1379	1394	1410	1378	1382	1387	1421	1395	1401	1395	1401	1390	1390	1390	1430	1419	1401	1413	1412	1413	1407	1399	1730	1729	1725	1435	1409	1910	1933	1829	1926	1931	1915	2002	1824	1879	1933	2004	1960	1811	2013	1894	1577	2385	1967	1919	1983
Syar	1379	1377	1376	1397	1391	1720	1386	1709	1375	1425	1409	1404	1399	1376	1384	1406	1372	1377	1376	1413	1381	1396	1384	1387	1381	1381	1382	1431	1429	1399	1409	1408	1409	1399	1399	1709	1708	1705	1436	1405	1869	1881	1791	1889	1886	1884	1903	1804	1851	1873	1932	1916	1766	2038	1948	1701	1967	2540	2139	2234
Syas	1376	1371	1370	1385	1383	1710	1383	1696	1369	1412	1399	1397	1399	1370	1385	1396	1366	1369	1370	1399	1376	1392	1381	1389	1381	1380	1381	1420	1423	1396	1399	1398	1399	1399	1398	1689	1689	1685	1428	1395	1868	1860	1801	1895	1880	1899	1887	1800	1865	1879	1934	1884	1764	2037	1950	1691	1919	2139	2466	2183
Syat	1373	1382	1375	1387	1384	1735	1382	1698	1372	1413	1411	1408	1414	1381	1385	1408	1371	1373	1366	1406	1376	1392	1379	1394	1377	1378	1379	1416	1423	1404	1411	1410	1411	1414	1398	1710	1709	1707	1432	1407	1848	1880	1769	1886	1865	1875	1888	1774	1839	1884	1932	1914	1752	2086	1962	1736	1983	2234	2183	2655
