12
Praa       0.0000000 1.1266630 0.2942037 3.8203362 0.4285244 3.7997368 1.1703492 2.9463674 2.9611588 3.1217017 0.3558567 2.9515496 
Prab       1.1266630 0.0000000 1.1365532 3.8636757 1.1211945 3.8397338 0.7037150 2.9592060 2.9441217 3.1485403 1.1594703 2.9637489 
Prae       0.2942037 1.1365532 0.0000000 3.8103267 0.4580310 3.7831156 1.1772688 2.9669660 2.9845984 3.1074002 0.3716434 2.9657804 
Praf       3.8203362 3.8636757 3.8103267 0.0000000 3.8195337 0.0967352 3.8172689 3.1586945 2.7982460 2.7437496 3.8524697 3.1617411 
Prag       0.4285244 1.1211945 0.4580310 3.8195337 0.0000000 3.7966918 1.1584872 2.9591295 3.0000719 3.0857552 0.4578809 2.9606433 
Prah       3.7997368 3.8397338 3.7831156 0.0967352 3.7966918 0.0000000 3.8027333 3.1635052 2.7867909 2.7478864 3.8179920 3.1645960 
Prai       1.1703492 0.7037150 1.1772688 3.8172689 1.1584872 3.8027333 0.0000000 2.9262315 2.9192925 3.1113140 1.1978871 2.9294815 
Praj       2.9463674 2.9592060 2.9669660 3.1586945 2.9591295 3.1635052 2.9262315 0.0000000 2.4932645 2.4335515 2.9350793 0.0588943 
Prak       2.9611588 2.9441217 2.9845984 2.7982460 3.0000719 2.7867909 2.9192925 2.4932645 0.0000000 2.0278483 2.9772847 2.4894920 
Prat       3.1217017 3.1485403 3.1074002 2.7437496 3.0857552 2.7478864 3.1113140 2.4335515 2.0278483 0.0000000 3.1490053 2.4405120 
Prau       0.3558567 1.1594703 0.3716434 3.8524697 0.4578809 3.8179920 1.1978871 2.9350793 2.9772847 3.1490053 0.0000000 2.9350031 
Prbb       2.9515496 2.9637489 2.9657804 3.1617411 2.9606433 3.1645960 2.9294815 0.0588943 2.4894920 2.4405120 2.9350031 0.0000000 
