12
Praa       0.0000000 1.1310918 0.2948057 3.8400834 0.4296622 3.8194261 1.1750341 2.9617676 2.9766758 3.1381528 0.3566999 2.9670376 
Prab       1.1310918 0.0000000 1.1410317 3.8837353 1.1256322 3.8596435 0.7060554 2.9748599 2.9594826 3.1652295 1.1639913 2.9794368 
Prae       0.2948057 1.1410317 0.0000000 3.8300286 0.4592862 3.8026555 1.1819452 2.9825411 3.0003978 3.1237726 0.3725346 2.9813843 
Praf       3.8400834 3.8837353 3.8300286 0.0000000 3.8392741 0.0967705 3.8371365 3.1742854 2.8116121 2.7568240 3.8725172 3.1773442 
Prag       0.4296622 1.1256322 0.4592862 3.8392741 0.0000000 3.8163570 1.1631055 2.9746530 3.0159006 3.1020452 0.4591465 2.9762415 
Prah       3.8194261 3.8596435 3.8026555 0.0967705 3.8163570 0.0000000 3.8225041 3.1791508 2.8001896 2.7610249 3.8378481 3.1802494 
Prai       1.1750341 0.7060554 1.1819452 3.8371365 1.1631055 3.8225041 0.0000000 2.9416122 2.9343644 3.1277323 1.2026867 2.9449156 
Praj       2.9617676 2.9748599 2.9825411 3.1742854 2.9746530 3.1791508 2.9416122 0.0000000 2.5053950 2.4451465 2.9504230 0.0589211 
Prak       2.9766758 2.9594826 3.0003978 2.8116121 3.0159006 2.8001896 2.9343644 2.5053950 0.0000000 2.0368868 2.9929495 2.5016284 
Prat       3.1381528 3.1652295 3.1237726 2.7568240 3.1020452 2.7610249 3.1277323 2.4451465 2.0368868 0.0000000 3.1656955 2.4521077 
Prau       0.3566999 1.1639913 0.3725346 3.8725172 0.4591465 3.8378481 1.2026867 2.9504230 2.9929495 3.1656955 0.0000000 2.9503878 
Prbb       2.9670376 2.9794368 2.9813843 3.1773442 2.9762415 3.1802494 2.9449156 0.0589211 2.5016284 2.4521077 2.9503878 0.0000000 
