12
Praa       0.0000000 8.2412912 0.6535633 8.9999985 1.2502237 8.9999988 8.7839967 8.9999988 8.9999989 8.9999981 0.9160465 8.9999988 
Prab       8.2412912 0.0000000 8.3079246 8.9999983 8.3024515 8.9999983 3.4821563 8.9999989 8.9999989 8.9999982 8.5615570 8.9999989 
Prae       0.6535633 8.3079246 0.0000000 8.9999985 1.4344548 8.9999990 8.8313554 8.9999988 8.9999989 8.9999980 0.9721794 8.9999989 
Praf       8.9999985 8.9999983 8.9999985 0.0000000 8.9999980 0.1328952 8.9999980 8.9999989 8.9999983 8.9999984 8.9999982 8.9999989 
Prag       1.2502237 8.3024515 1.4344548 8.9999980 0.0000000 8.9999983 8.7100346 8.9999988 8.9999990 8.9999981 1.4226561 8.9999988 
Prah       8.9999988 8.9999983 8.9999990 0.1328952 8.9999983 0.0000000 8.9999986 8.9999990 8.9999983 8.9999984 8.9999980 8.9999990 
Prai       8.7839967 3.4821563 8.8313554 8.9999980 8.7100346 8.9999986 0.0000000 8.9999988 8.9999989 8.9999980 8.9465696 8.9999989 
Praj       8.9999988 8.9999989 8.9999988 8.9999989 8.9999988 8.9999990 8.9999988 0.0000000 8.9999986 8.9999986 8.9999988 0.0721878 
Prak       8.9999989 8.9999989 8.9999989 8.9999983 8.9999990 8.9999983 8.9999989 8.9999986 0.0000000 8.9999985 8.9999989 8.9999986 
Prat       8.9999981 8.9999982 8.9999980 8.9999984 8.9999981 8.9999984 8.9999980 8.9999986 8.9999985 0.0000000 8.9999981 8.9999986 
Prau       0.9160465 8.5615570 0.9721794 8.9999982 1.4226561 8.9999980 8.9465696 8.9999988 8.9999989 8.9999981 0.0000000 8.9999988 
Prbb       8.9999988 8.9999989 8.9999989 8.9999989 8.9999988 8.9999990 8.9999989 0.0721878 8.9999986 8.9999986 8.9999988 0.0000000 
