12
Praa       0.0000000 0.2067774 0.0635111 0.8021172 0.0868367 0.7976532 0.2128078 0.7000735 0.6788964 0.7361752 0.0796031 0.7020269 
Prab       0.2067774 0.0000000 0.2102841 0.7971507 0.2085462 0.7924969 0.1327773 0.7050055 0.6817979 0.7385324 0.2138384 0.7060167 
Prae       0.0635111 0.2102841 0.0000000 0.7999632 0.0915103 0.7945747 0.2149371 0.7030654 0.6838990 0.7340719 0.0775596 0.7045430 
Praf       0.8021172 0.7971507 0.7999632 0.0000000 0.7877891 0.0232153 0.7857323 0.6190713 0.5153548 0.5141021 0.8025385 0.6201466 
Prag       0.0868367 0.2085462 0.0915103 0.7877891 0.0000000 0.7837960 0.2156262 0.7021777 0.6885100 0.7213507 0.0947457 0.7040482 
Prah       0.7976532 0.7924969 0.7945747 0.0232153 0.7837960 0.0000000 0.7835631 0.6203548 0.5110587 0.5158335 0.7941036 0.6214361 
Prai       0.2128078 0.1327773 0.2149371 0.7857323 0.2156262 0.7835631 0.0000000 0.6931059 0.6745413 0.7327579 0.2152476 0.6940584 
Praj       0.7000735 0.7050055 0.7030654 0.6190713 0.7021777 0.6203548 0.6931059 0.0000000 0.5379137 0.5044224 0.6963034 0.0094815 
Prak       0.6788964 0.6817979 0.6838990 0.5153548 0.6885100 0.5110587 0.6745413 0.5379137 0.0000000 0.4109488 0.6850386 0.5390031 
Prat       0.7361752 0.7385324 0.7340719 0.5141021 0.7213507 0.5158335 0.7327579 0.5044224 0.4109488 0.0000000 0.7336386 0.5098867 
Prau       0.0796031 0.2138384 0.0775596 0.8025385 0.0947457 0.7941036 0.2152476 0.6963034 0.6850386 0.7336386 0.0000000 0.6974223 
Prbb       0.7020269 0.7060167 0.7045430 0.6201466 0.7040482 0.6214361 0.6940584 0.0094815 0.5390031 0.5098867 0.6974223 0.0000000 
