12
Praa       0.0000000 0.2067772 0.0635110 0.8021166 0.0868366 0.7976526 0.2128076 0.7000730 0.6788958 0.7361746 0.0796031 0.7020264 
Prab       0.2067772 0.0000000 0.2102840 0.7971500 0.2085460 0.7924963 0.1327772 0.7050050 0.6817973 0.7385319 0.2138382 0.7060162 
Prae       0.0635110 0.2102840 0.0000000 0.7999626 0.0915102 0.7945740 0.2149369 0.7030648 0.6838985 0.7340713 0.0775596 0.7045425 
Praf       0.8021166 0.7971500 0.7999626 0.0000000 0.7877885 0.0232153 0.7857317 0.6190708 0.5153544 0.5141017 0.8025378 0.6201461 
Prag       0.0868366 0.2085460 0.0915102 0.7877885 0.0000000 0.7837954 0.2156260 0.7021771 0.6885095 0.7213501 0.0947457 0.7040476 
Prah       0.7976526 0.7924963 0.7945740 0.0232153 0.7837954 0.0000000 0.7835624 0.6203543 0.5110584 0.5158331 0.7941029 0.6214356 
Prai       0.2128076 0.1327772 0.2149369 0.7857317 0.2156260 0.7835624 0.0000000 0.6931054 0.6745408 0.7327573 0.2152474 0.6940578 
Praj       0.7000730 0.7050050 0.7030648 0.6190708 0.7021771 0.6203543 0.6931054 0.0000000 0.5379133 0.5044220 0.6963028 0.0094815 
Prak       0.6788958 0.6817973 0.6838985 0.5153544 0.6885095 0.5110584 0.6745408 0.5379133 0.0000000 0.4109485 0.6850381 0.5390027 
Prat       0.7361746 0.7385319 0.7340713 0.5141017 0.7213501 0.5158331 0.7327573 0.5044220 0.4109485 0.0000000 0.7336380 0.5098863 
Prau       0.0796031 0.2138382 0.0775596 0.8025378 0.0947457 0.7941029 0.2152474 0.6963028 0.6850381 0.7336380 0.0000000 0.6974217 
Prbb       0.7020264 0.7060162 0.7045425 0.6201461 0.7040476 0.6214356 0.6940578 0.0094815 0.5390027 0.5098863 0.6974217 0.0000000 
