	Praa	Prab	Prac	Prad	Prae	Praf	Prag	Prah	Prai	Praj	Prak	Pral	Pram	Pran	Prao	Prap	Praq	Prar	Pras	Prat	Prau	Prav	Praw	Prax	Pray	Praz	Prba	Prbb	Prbc	Prbd	Prbe	Prbf	Prbg	Prbh	Prbi	Prbj	Prbk	Prbl	Prbm	Prbn
Praa	0.0	1675.0	1660.0	1725.0	1701.0	1343.0	1693.0	1356.0	1640.0	1478.0	1437.0	1417.0	1431.0	1676.0	1690.0	1433.0	1654.0	1660.0	1711.0	1406.0	1720.0	1690.0	1687.0	1713.0	1724.0	1724.0	1722.0	1472.0	1465.0	1722.0	1436.0	1435.0	1437.0	1430.0	1724.0	1354.0	1353.0	1352.0	1476.0	1431.0
Prab	1675.0	0.0	1642.0	1673.0	1677.0	1352.0	1665.0	1355.0	1639.0	1477.0	1434.0	1407.0	1428.0	1896.0	1637.0	1430.0	1642.0	1642.0	1650.0	1398.0	1656.0	1669.0	1660.0	1701.0	1672.0	1669.0	1668.0	1476.0	1468.0	1688.0	1433.0	1432.0	1434.0	1427.0	1682.0	1352.0	1351.0	1349.0	1472.0	1428.0
Prac	1660.0	1642.0	0.0	1717.0	1653.0	1355.0	1665.0	1354.0	1643.0	1476.0	1423.0	1416.0	1446.0	1644.0	1651.0	1419.0	1888.0	1902.0	1704.0	1409.0	1714.0	1671.0	1660.0	1705.0	1704.0	1705.0	1701.0	1477.0	1472.0	1669.0	1422.0	1421.0	1423.0	1445.0	1673.0	1357.0	1356.0	1353.0	1475.0	1417.0
Prad	1725.0	1673.0	1717.0	0.0	1702.0	1354.0	1697.0	1367.0	1667.0	1488.0	1440.0	1434.0	1437.0	1673.0	1726.0	1436.0	1712.0	1713.0	1746.0	1427.0	1754.0	1697.0	1692.0	1716.0	1745.0	1743.0	1739.0	1486.0	1482.0	1737.0	1440.0	1437.0	1440.0	1436.0	1728.0	1368.0	1367.0	1365.0	1492.0	1434.0
Prae	1701.0	1677.0	1653.0	1702.0	0.0	1367.0	1699.0	1362.0	1602.0	1484.0	1426.0	1425.0	1426.0	1678.0	1691.0	1422.0	1649.0	1653.0	1671.0	1415.0	1691.0	1724.0	1694.0	1715.0	1705.0	1703.0	1703.0	1481.0	1471.0	1713.0	1425.0	1424.0	1426.0	1425.0	1720.0	1362.0	1361.0	1358.0	1477.0	1420.0
Praf	1343.0	1352.0	1355.0	1354.0	1367.0	0.0	1369.0	2111.0	1334.0	1430.0	1440.0	1431.0	1433.0	1350.0	1356.0	1434.0	1352.0	1354.0	1344.0	1450.0	1354.0	1376.0	1367.0	1354.0	1354.0	1350.0	1348.0	1437.0	1433.0	1359.0	1439.0	1435.0	1438.0	1434.0	1360.0	2130.0	2122.0	2122.0	1438.0	1433.0
Prag	1693.0	1665.0	1665.0	1697.0	1699.0	1369.0	0.0	1368.0	1623.0	1493.0	1443.0	1430.0	1448.0	1665.0	1686.0	1438.0	1665.0	1666.0	1660.0	1425.0	1686.0	1738.0	1896.0	1698.0	1698.0	1700.0	1697.0	1495.0	1484.0	1693.0	1442.0	1440.0	1442.0	1447.0	1707.0	1371.0	1369.0	1366.0	1489.0	1437.0
Prah	1356.0	1355.0	1354.0	1367.0	1362.0	2111.0	1368.0	0.0	1341.0	1430.0	1442.0	1440.0	1432.0	1354.0	1362.0	1436.0	1351.0	1355.0	1351.0	1451.0	1355.0	1373.0	1366.0	1357.0	1358.0	1356.0	1353.0	1430.0	1432.0	1365.0	1441.0	1437.0	1440.0	1433.0	1370.0	2072.0	2068.0	2072.0	1429.0	1435.0
Prai	1640.0	1639.0	1643.0	1667.0	1602.0	1334.0	1623.0	1341.0	0.0	1461.0	1424.0	1411.0	1438.0	1640.0	1608.0	1419.0	1631.0	1638.0	1658.0	1410.0	1674.0	1611.0	1618.0	1615.0	1653.0	1650.0	1650.0	1464.0	1460.0	1622.0	1423.0	1422.0	1423.0	1436.0	1637.0	1346.0	1345.0	1344.0	1463.0	1418.0
Praj	1478.0	1477.0	1476.0	1488.0	1484.0	1430.0	1493.0	1430.0	1461.0	0.0	1533.0	1521.0	1525.0	1476.0	1479.0	1526.0	1476.0	1476.0	1470.0	1510.0	1475.0	1497.0	1491.0	1479.0	1485.0	1483.0	1480.0	1971.0	1924.0	1492.0	1530.0	1529.0	1530.0	1524.0	1488.0	1433.0	1432.0	1428.0	1904.0	1525.0
Prak	1437.0	1434.0	1423.0	1440.0	1426.0	1440.0	1443.0	1442.0	1424.0	1533.0	0.0	1598.0	1657.0	1433.0	1426.0	1889.0	1422.0	1423.0	1421.0	1590.0	1425.0	1442.0	1442.0	1422.0	1437.0	1433.0	1433.0	1541.0	1533.0	1425.0	1895.0	1893.0	1893.0	1657.0	1442.0	1445.0	1443.0	1443.0	1533.0	1890.0
Pral	1417.0	1407.0	1416.0	1434.0	1425.0	1431.0	1430.0	1440.0	1411.0	1521.0	1598.0	0.0	1604.0	1407.0	1427.0	1592.0	1413.0	1414.0	1409.0	1651.0	1421.0	1434.0	1429.0	1416.0	1425.0	1423.0	1421.0	1519.0	1517.0	1413.0	1597.0	1594.0	1597.0	1605.0	1432.0	1435.0	1433.0	1433.0	1528.0	1591.0
Pram	1431.0	1428.0	1446.0	1437.0	1426.0	1433.0	1448.0	1432.0	1438.0	1525.0	1657.0	1604.0	0.0	1430.0	1434.0	1654.0	1443.0	1445.0	1423.0	1589.0	1431.0	1440.0	1446.0	1439.0	1440.0	1439.0	1436.0	1536.0	1529.0	1431.0	1657.0	1655.0	1655.0	1908.0	1450.0	1433.0	1430.0	1430.0	1529.0	1651.0
Pran	1676.0	1896.0	1644.0	1673.0	1678.0	1350.0	1665.0	1354.0	1640.0	1476.0	1433.0	1407.0	1430.0	0.0	1639.0	1430.0	1646.0	1644.0	1652.0	1399.0	1657.0	1670.0	1659.0	1703.0	1675.0	1671.0	1672.0	1475.0	1469.0	1692.0	1433.0	1432.0	1434.0	1428.0	1687.0	1352.0	1351.0	1350.0	1470.0	1428.0
Prao	1690.0	1637.0	1651.0	1726.0	1691.0	1356.0	1686.0	1362.0	1608.0	1479.0	1426.0	1427.0	1434.0	1639.0	0.0	1421.0	1652.0	1652.0	1669.0	1423.0	1675.0	1681.0	1687.0	1694.0	1705.0	1700.0	1697.0	1483.0	1469.0	1710.0	1425.0	1423.0	1424.0	1433.0	1711.0	1360.0	1359.0	1358.0	1481.0	1420.0
Prap	1433.0	1430.0	1419.0	1436.0	1422.0	1434.0	1438.0	1436.0	1419.0	1526.0	1889.0	1592.0	1654.0	1430.0	1421.0	0.0	1419.0	1419.0	1417.0	1583.0	1421.0	1437.0	1437.0	1419.0	1432.0	1428.0	1428.0	1534.0	1527.0	1421.0	1893.0	1891.0	1888.0	1654.0	1437.0	1440.0	1438.0	1438.0	1526.0	1898.0
Praq	1654.0	1642.0	1888.0	1712.0	1649.0	1352.0	1665.0	1351.0	1631.0	1476.0	1422.0	1413.0	1443.0	1646.0	1652.0	1419.0	0.0	1891.0	1699.0	1407.0	1704.0	1670.0	1659.0	1703.0	1699.0	1701.0	1696.0	1478.0	1468.0	1670.0	1422.0	1421.0	1423.0	1442.0	1676.0	1356.0	1355.0	1352.0	1473.0	1417.0
Prar	1660.0	1642.0	1902.0	1713.0	1653.0	1354.0	1666.0	1355.0	1638.0	1476.0	1423.0	1414.0	1445.0	1644.0	1652.0	1419.0	1891.0	0.0	1707.0	1408.0	1713.0	1673.0	1661.0	1705.0	1703.0	1704.0	1699.0	1477.0	1470.0	1672.0	1422.0	1421.0	1423.0	1444.0	1679.0	1356.0	1355.0	1352.0	1474.0	1417.0
Pras	1711.0	1650.0	1704.0	1746.0	1671.0	1344.0	1660.0	1351.0	1658.0	1470.0	1421.0	1409.0	1423.0	1652.0	1669.0	1417.0	1699.0	1707.0	0.0	1400.0	1788.0	1671.0	1655.0	1691.0	1718.0	1717.0	1715.0	1475.0	1467.0	1695.0	1420.0	1419.0	1421.0	1422.0	1704.0	1351.0	1350.0	1348.0	1471.0	1415.0
Prat	1406.0	1398.0	1409.0	1427.0	1415.0	1450.0	1425.0	1451.0	1410.0	1510.0	1590.0	1651.0	1589.0	1399.0	1423.0	1583.0	1407.0	1408.0	1400.0	0.0	1412.0	1428.0	1425.0	1409.0	1408.0	1408.0	1406.0	1511.0	1514.0	1411.0	1586.0	1584.0	1588.0	1589.0	1423.0	1448.0	1446.0	1445.0	1517.0	1582.0
Prau	1720.0	1656.0	1714.0	1754.0	1691.0	1354.0	1686.0	1355.0	1674.0	1475.0	1425.0	1421.0	1431.0	1657.0	1675.0	1421.0	1704.0	1713.0	1788.0	1412.0	0.0	1680.0	1684.0	1708.0	1728.0	1726.0	1724.0	1484.0	1469.0	1700.0	1424.0	1423.0	1425.0	1430.0	1715.0	1356.0	1355.0	1352.0	1475.0	1419.0
Prav	1690.0	1669.0	1671.0	1697.0	1724.0	1376.0	1738.0	1373.0	1611.0	1497.0	1442.0	1434.0	1440.0	1670.0	1681.0	1437.0	1670.0	1673.0	1671.0	1428.0	1680.0	0.0	1739.0	1708.0	1697.0	1701.0	1700.0	1494.0	1486.0	1706.0	1441.0	1439.0	1441.0	1439.0	1705.0	1370.0	1369.0	1365.0	1492.0	1436.0
Praw	1687.0	1660.0	1660.0	1692.0	1694.0	1367.0	1896.0	1366.0	1618.0	1491.0	1442.0	1429.0	1446.0	1659.0	1687.0	1437.0	1659.0	1661.0	1655.0	1425.0	1684.0	1739.0	0.0	1695.0	1692.0	1697.0	1691.0	1493.0	1483.0	1688.0	1441.0	1439.0	1441.0	1445.0	1702.0	1369.0	1367.0	1365.0	1488.0	1436.0
Prax	1713.0	1701.0	1705.0	1716.0	1715.0	1354.0	1698.0	1357.0	1615.0	1479.0	1422.0	1416.0	1439.0	1703.0	1694.0	1419.0	1703.0	1705.0	1691.0	1409.0	1708.0	1708.0	1695.0	0.0	1711.0	1711.0	1709.0	1481.0	1471.0	1737.0	1422.0	1421.0	1423.0	1437.0	1742.0	1362.0	1361.0	1360.0	1469.0	1417.0
Pray	1724.0	1672.0	1704.0	1745.0	1705.0	1354.0	1698.0	1358.0	1653.0	1485.0	1437.0	1425.0	1440.0	1675.0	1705.0	1432.0	1699.0	1703.0	1718.0	1408.0	1728.0	1697.0	1692.0	1711.0	0.0	1886.0	1882.0	1487.0	1483.0	1727.0	1436.0	1434.0	1436.0	1439.0	1733.0	1364.0	1364.0	1361.0	1476.0	1431.0
Praz	1724.0	1669.0	1705.0	1743.0	1703.0	1350.0	1700.0	1356.0	1650.0	1483.0	1433.0	1423.0	1439.0	1671.0	1700.0	1428.0	1701.0	1704.0	1717.0	1408.0	1726.0	1701.0	1697.0	1711.0	1886.0	0.0	1888.0	1487.0	1482.0	1727.0	1432.0	1430.0	1432.0	1438.0	1728.0	1364.0	1362.0	1360.0	1476.0	1427.0
Prba	1722.0	1668.0	1701.0	1739.0	1703.0	1348.0	1697.0	1353.0	1650.0	1480.0	1433.0	1421.0	1436.0	1672.0	1697.0	1428.0	1696.0	1699.0	1715.0	1406.0	1724.0	1700.0	1691.0	1709.0	1882.0	1888.0	0.0	1484.0	1479.0	1725.0	1432.0	1430.0	1432.0	1435.0	1726.0	1362.0	1361.0	1358.0	1475.0	1427.0
Prbb	1472.0	1476.0	1477.0	1486.0	1481.0	1437.0	1495.0	1430.0	1464.0	1971.0	1541.0	1519.0	1536.0	1475.0	1483.0	1534.0	1478.0	1477.0	1475.0	1511.0	1484.0	1494.0	1493.0	1481.0	1487.0	1487.0	1484.0	0.0	1924.0	1488.0	1537.0	1537.0	1539.0	1535.0	1499.0	1435.0	1433.0	1430.0	1899.0	1533.0
Prbc	1465.0	1468.0	1472.0	1482.0	1471.0	1433.0	1484.0	1432.0	1460.0	1924.0	1533.0	1517.0	1529.0	1469.0	1469.0	1527.0	1468.0	1470.0	1467.0	1514.0	1469.0	1486.0	1483.0	1471.0	1483.0	1482.0	1479.0	1924.0	0.0	1496.0	1532.0	1529.0	1531.0	1528.0	1488.0	1446.0	1445.0	1441.0	1874.0	1526.0
Prbd	1722.0	1688.0	1669.0	1737.0	1713.0	1359.0	1693.0	1365.0	1622.0	1492.0	1425.0	1413.0	1431.0	1692.0	1710.0	1421.0	1670.0	1672.0	1695.0	1411.0	1700.0	1706.0	1688.0	1737.0	1727.0	1727.0	1725.0	1488.0	1496.0	0.0	1424.0	1423.0	1425.0	1429.0	1739.0	1373.0	1371.0	1370.0	1482.0	1419.0
Prbe	1436.0	1433.0	1422.0	1440.0	1425.0	1439.0	1442.0	1441.0	1423.0	1530.0	1895.0	1597.0	1657.0	1433.0	1425.0	1893.0	1422.0	1422.0	1420.0	1586.0	1424.0	1441.0	1441.0	1422.0	1436.0	1432.0	1432.0	1537.0	1532.0	1424.0	0.0	1898.0	1895.0	1657.0	1440.0	1445.0	1443.0	1443.0	1529.0	1895.0
Prbf	1435.0	1432.0	1421.0	1437.0	1424.0	1435.0	1440.0	1437.0	1422.0	1529.0	1893.0	1594.0	1655.0	1432.0	1423.0	1891.0	1421.0	1421.0	1419.0	1584.0	1423.0	1439.0	1439.0	1421.0	1434.0	1430.0	1430.0	1537.0	1529.0	1423.0	1898.0	0.0	1892.0	1655.0	1439.0	1441.0	1439.0	1439.0	1528.0	1894.0
Prbg	1437.0	1434.0	1423.0	1440.0	1426.0	1438.0	1442.0	1440.0	1423.0	1530.0	1893.0	1597.0	1655.0	1434.0	1424.0	1888.0	1423.0	1423.0	1421.0	1588.0	1425.0	1441.0	1441.0	1423.0	1436.0	1432.0	1432.0	1539.0	1531.0	1425.0	1895.0	1892.0	0.0	1656.0	1441.0	1444.0	1442.0	1442.0	1531.0	1889.0
Prbh	1430.0	1427.0	1445.0	1436.0	1425.0	1434.0	1447.0	1433.0	1436.0	1524.0	1657.0	1605.0	1908.0	1428.0	1433.0	1654.0	1442.0	1444.0	1422.0	1589.0	1430.0	1439.0	1445.0	1437.0	1439.0	1438.0	1435.0	1535.0	1528.0	1429.0	1657.0	1655.0	1656.0	0.0	1448.0	1434.0	1431.0	1430.0	1528.0	1651.0
Prbi	1724.0	1682.0	1673.0	1728.0	1720.0	1360.0	1707.0	1370.0	1637.0	1488.0	1442.0	1432.0	1450.0	1687.0	1711.0	1437.0	1676.0	1679.0	1704.0	1423.0	1715.0	1705.0	1702.0	1742.0	1733.0	1728.0	1726.0	1499.0	1488.0	1739.0	1440.0	1439.0	1441.0	1448.0	0.0	1368.0	1367.0	1365.0	1486.0	1435.0
Prbj	1354.0	1352.0	1357.0	1368.0	1362.0	2130.0	1371.0	2072.0	1346.0	1433.0	1445.0	1435.0	1433.0	1352.0	1360.0	1440.0	1356.0	1356.0	1351.0	1448.0	1356.0	1370.0	1369.0	1362.0	1364.0	1364.0	1362.0	1435.0	1446.0	1373.0	1445.0	1441.0	1444.0	1434.0	1368.0	0.0	2618.0	2601.0	1435.0	1439.0
Prbk	1353.0	1351.0	1356.0	1367.0	1361.0	2122.0	1369.0	2068.0	1345.0	1432.0	1443.0	1433.0	1430.0	1351.0	1359.0	1438.0	1355.0	1355.0	1350.0	1446.0	1355.0	1369.0	1367.0	1361.0	1364.0	1362.0	1361.0	1433.0	1445.0	1371.0	1443.0	1439.0	1442.0	1431.0	1367.0	2618.0	0.0	2603.0	1434.0	1437.0
Prbl	1352.0	1349.0	1353.0	1365.0	1358.0	2122.0	1366.0	2072.0	1344.0	1428.0	1443.0	1433.0	1430.0	1350.0	1358.0	1438.0	1352.0	1352.0	1348.0	1445.0	1352.0	1365.0	1365.0	1360.0	1361.0	1360.0	1358.0	1430.0	1441.0	1370.0	1443.0	1439.0	1442.0	1430.0	1365.0	2601.0	2603.0	0.0	1430.0	1437.0
Prbm	1476.0	1472.0	1475.0	1492.0	1477.0	1438.0	1489.0	1429.0	1463.0	1904.0	1533.0	1528.0	1529.0	1470.0	1481.0	1526.0	1473.0	1474.0	1471.0	1517.0	1475.0	1492.0	1488.0	1469.0	1476.0	1476.0	1475.0	1899.0	1874.0	1482.0	1529.0	1528.0	1531.0	1528.0	1486.0	1435.0	1434.0	1430.0	0.0	1526.0
Prbn	1431.0	1428.0	1417.0	1434.0	1420.0	1433.0	1437.0	1435.0	1418.0	1525.0	1890.0	1591.0	1651.0	1428.0	1420.0	1898.0	1417.0	1417.0	1415.0	1582.0	1419.0	1436.0	1436.0	1417.0	1431.0	1427.0	1427.0	1533.0	1526.0	1419.0	1895.0	1894.0	1889.0	1651.0	1435.0	1439.0	1437.0	1437.0	1526.0	0.0
