Orthogroup	Prbk	Pran
OG0000000	Prbk.g_01649	Pran.g_01500
OG0000001	Prbk.g_00167	Pran.g_00593
OG0000001	Prbk.g_00165	Pran.g_00579
OG0000003	Prbk.g_00166	Pran.g_00894
OG0000004	Prbk.g_01701, Prbk.g_00304, Prbk.g_00355	Pran.g_00576, Pran.g_01436, Pran.g_00895
OG0000006	Prbk.g_00907	Pran.g_00970
OG0000007	Prbk.g_01820	Pran.g_01506
OG0000009	Prbk.g_01004	Pran.g_01363, Pran.g_01943
OG0000011	Prbk.g_01202	Pran.g_01864
OG0000012	Prbk.g_01150, Prbk.g_01142	Pran.g_01580
OG0000013	Prbk.g_02558	Pran.g_01394
OG0000016	Prbk.g_01746, Prbk.g_01786	Pran.g_00845
OG0000017	Prbk.g_01230	Pran.g_00713
OG0000018	Prbk.g_02695	Pran.g_01951
OG0000019	Prbk.g_01137	Pran.g_01829
OG0000020	Prbk.g_00405	Pran.g_01772, Pran.g_01820
OG0000024	Prbk.g_00454	Pran.g_01888
OG0000026	Prbk.g_01613	Pran.g_00391
OG0000028	Prbk.g_00259	Pran.g_00733
OG0000031	Prbk.g_01709	Pran.g_00898, Pran.g_00944
OG0000036	Prbk.g_01122	Pran.g_01593
OG0000037	Prbk.g_02610	Pran.g_01555
OG0000038	Prbk.g_01667, Prbk.g_00212	Pran.g_01401
OG0000039	Prbk.g_01836, Prbk.g_00773	Pran.g_00266
OG0000040	Prbk.g_02448	Pran.g_01834
OG0000042	Prbk.g_01835, Prbk.g_00619	Pran.g_01460
OG0000043	Prbk.g_01644, Prbk.g_01642	Pran.g_01358
OG0000044	Prbk.g_01019	Pran.g_00060
OG0000045	Prbk.g_00479	Pran.g_00807
OG0000046	Prbk.g_00919	Pran.g_00963
OG0000047	Prbk.g_00237	Pran.g_01160
OG0000048	Prbk.g_00140, Prbk.g_01495	Pran.g_01167
OG0000050	Prbk.g_01617	Pran.g_00930
OG0000051	Prbk.g_00764	Pran.g_00275
OG0000052	Prbk.g_00925	Pran.g_01824
OG0000053	Prbk.g_01094	Pran.g_01639
OG0000054	Prbk.g_01468	Pran.g_01408, Pran.g_01379
OG0000055	Prbk.g_02493	Pran.g_01321
OG0000056	Prbk.g_00694	Pran.g_00935
OG0000058	Prbk.g_02113	Pran.g_01703
OG0000059	Prbk.g_01765	Pran.g_01480
OG0000062	Prbk.g_02195	Pran.g_00093
OG0000063	Prbk.g_01496	Pran.g_01466
OG0000065	Prbk.g_01183	Pran.g_00938, Pran.g_00876
OG0000066	Prbk.g_00477	Pran.g_00752
OG0000068	Prbk.g_00796, Prbk.g_00944	Pran.g_01105
OG0000071	Prbk.g_02290	Pran.g_01268
OG0000072	Prbk.g_00472	Pran.g_01872
OG0000073	Prbk.g_00709	Pran.g_01509
OG0000074	Prbk.g_01815	Pran.g_01487
OG0000075	Prbk.g_02475	Pran.g_01336
OG0000076	Prbk.g_00056	Pran.g_00568, Pran.g_00903
OG0000078	Prbk.g_00476	Pran.g_00806
OG0000079	Prbk.g_00931	Pran.g_00655
OG0000080	Prbk.g_02012	Pran.g_00575, Pran.g_00912
OG0000081	Prbk.g_00512	Pran.g_01135
OG0000083	Prbk.g_02281	Pran.g_01260
OG0000084	Prbk.g_02284	Pran.g_01263
OG0000085	Prbk.g_01626	Pran.g_00401
OG0000087	Prbk.g_02126	Pran.g_00376
OG0000088	Prbk.g_00191	Pran.g_00320
OG0000089	Prbk.g_00206	Pran.g_00312
OG0000090	Prbk.g_00559	Pran.g_00295
OG0000091	Prbk.g_00776	Pran.g_00263
OG0000092	Prbk.g_00777	Pran.g_00262
OG0000093	Prbk.g_01280	Pran.g_00248
OG0000094	Prbk.g_01251	Pran.g_00230
OG0000095	Prbk.g_00632	Pran.g_00225
OG0000096	Prbk.g_01001	Pran.g_01941
OG0000097	Prbk.g_00409	Pran.g_01920
OG0000098	Prbk.g_00422	Pran.g_01910
OG0000099	Prbk.g_00434	Pran.g_01900
OG0000100	Prbk.g_00438	Pran.g_01897
OG0000101	Prbk.g_00361	Pran.g_01838
OG0000102	Prbk.g_02209	Pran.g_01812
OG0000103	Prbk.g_02114	Pran.g_01702
OG0000104	Prbk.g_02061	Pran.g_01698
OG0000105	Prbk.g_01862	Pran.g_01679
OG0000107	Prbk.g_01080	Pran.g_01645
OG0000108	Prbk.g_02684	Pran.g_01635
OG0000109	Prbk.g_01890	Pran.g_01626
OG0000110	Prbk.g_01871	Pran.g_01609
OG0000111	Prbk.g_00740	Pran.g_01527
OG0000112	Prbk.g_00739	Pran.g_01526
OG0000113	Prbk.g_02370	Pran.g_01438
OG0000114	Prbk.g_02466	Pran.g_01345
OG0000115	Prbk.g_02324	Pran.g_00487
OG0000116	Prbk.g_02316	Pran.g_00491
OG0000117	Prbk.g_00059	Pran.g_00565
OG0000118	Prbk.g_02271	Pran.g_00135
OG0000119	Prbk.g_02197	Pran.g_00090
OG0000120	Prbk.g_00144	Pran.g_00054
OG0000121	Prbk.g_00138	Pran.g_00035
OG0000122	Prbk.g_00185	Pran.g_00016
OG0000123	Prbk.g_00121	Pran.g_00003
OG0000124	Prbk.g_00066	Pran.g_00918
OG0000125	Prbk.g_01169	Pran.g_00864
OG0000126	Prbk.g_02052	Pran.g_00841
OG0000127	Prbk.g_00243	Pran.g_00746
OG0000128	Prbk.g_00260	Pran.g_00732
OG0000129	Prbk.g_01212	Pran.g_00696
OG0000130	Prbk.g_00913	Pran.g_00968
OG0000131	Prbk.g_01417	Pran.g_01006
OG0000132	Prbk.g_01414	Pran.g_01009
OG0000133	Prbk.g_00987	Pran.g_01063
OG0000134	Prbk.g_00950	Pran.g_01100
OG0000135	Prbk.g_00948	Pran.g_01102
OG0000136	Prbk.g_00528	Pran.g_01145
OG0000137	Prbk.g_01540	Pran.g_01177
OG0000138	Prbk.g_02168	Pran.g_01212
OG0000139	Prbk.g_02252	Pran.g_01239
OG0000140	Prbk.g_02279	Pran.g_01258
OG0000141	Prbk.g_02280	Pran.g_01259
OG0000142	Prbk.g_02282	Pran.g_01261
OG0000143	Prbk.g_02283	Pran.g_01262
OG0000144	Prbk.g_02285	Pran.g_01264
OG0000145	Prbk.g_02287	Pran.g_01265
OG0000146	Prbk.g_02288	Pran.g_01266
OG0000147	Prbk.g_02289	Pran.g_01267
OG0000148	Prbk.g_02291	Pran.g_01269
OG0000149	Prbk.g_01639	Pran.g_00410
OG0000150	Prbk.g_01638	Pran.g_00409
OG0000151	Prbk.g_01633	Pran.g_00408
OG0000152	Prbk.g_01632	Pran.g_00407
OG0000153	Prbk.g_01631	Pran.g_00406
OG0000154	Prbk.g_01630	Pran.g_00405
OG0000155	Prbk.g_01629	Pran.g_00404
OG0000156	Prbk.g_01628	Pran.g_00403
OG0000157	Prbk.g_01627	Pran.g_00402
OG0000158	Prbk.g_01625	Pran.g_00400
OG0000159	Prbk.g_01624	Pran.g_00399
OG0000160	Prbk.g_01623	Pran.g_00398
OG0000161	Prbk.g_01622	Pran.g_00397
OG0000162	Prbk.g_01621	Pran.g_00396
OG0000163	Prbk.g_01619	Pran.g_00395
OG0000164	Prbk.g_01614	Pran.g_00392
OG0000165	Prbk.g_01609	Pran.g_00389
OG0000166	Prbk.g_01608	Pran.g_00388
OG0000167	Prbk.g_01607	Pran.g_00387
OG0000168	Prbk.g_01606	Pran.g_00385
OG0000169	Prbk.g_01604	Pran.g_00383
OG0000170	Prbk.g_02158	Pran.g_00382
OG0000171	Prbk.g_02156	Pran.g_00381
OG0000172	Prbk.g_02155	Pran.g_00380
OG0000173	Prbk.g_02148	Pran.g_00379
OG0000174	Prbk.g_02141	Pran.g_00378
OG0000175	Prbk.g_02133	Pran.g_00377
OG0000176	Prbk.g_02125	Pran.g_00375
OG0000177	Prbk.g_02124	Pran.g_00374
OG0000178	Prbk.g_02123	Pran.g_00373
OG0000179	Prbk.g_01326	Pran.g_00368
OG0000180	Prbk.g_01324	Pran.g_00367
OG0000181	Prbk.g_01323	Pran.g_00366
OG0000182	Prbk.g_01320	Pran.g_00363
OG0000183	Prbk.g_01319	Pran.g_00362
OG0000184	Prbk.g_01315	Pran.g_00359
OG0000185	Prbk.g_01309	Pran.g_00355
OG0000186	Prbk.g_01308	Pran.g_00354
OG0000187	Prbk.g_01665	Pran.g_00353
OG0000188	Prbk.g_01307	Pran.g_00352
OG0000189	Prbk.g_01304	Pran.g_00351
OG0000190	Prbk.g_01303	Pran.g_00350
OG0000191	Prbk.g_01302	Pran.g_00349
OG0000192	Prbk.g_01301	Pran.g_00348
OG0000193	Prbk.g_01300	Pran.g_00347
OG0000194	Prbk.g_01299	Pran.g_00346
OG0000195	Prbk.g_01295	Pran.g_00344
OG0000196	Prbk.g_01294	Pran.g_00343
OG0000197	Prbk.g_00035	Pran.g_00342
OG0000198	Prbk.g_00031	Pran.g_00341
OG0000199	Prbk.g_00026	Pran.g_00339
OG0000200	Prbk.g_00025	Pran.g_00338
OG0000201	Prbk.g_00024	Pran.g_00337
OG0000202	Prbk.g_00022	Pran.g_00336
OG0000203	Prbk.g_00021	Pran.g_00335
OG0000204	Prbk.g_00020	Pran.g_00334
OG0000205	Prbk.g_00018	Pran.g_00333
OG0000206	Prbk.g_00017	Pran.g_00332
OG0000207	Prbk.g_00016	Pran.g_00331
OG0000208	Prbk.g_00015	Pran.g_00330
OG0000209	Prbk.g_00014	Pran.g_00329
OG0000210	Prbk.g_00012	Pran.g_00327
OG0000211	Prbk.g_00011	Pran.g_00326
OG0000212	Prbk.g_00010	Pran.g_00325
OG0000213	Prbk.g_00007	Pran.g_00324
OG0000214	Prbk.g_00001	Pran.g_00322
OG0000215	Prbk.g_00190	Pran.g_00321
OG0000216	Prbk.g_00192	Pran.g_00319
OG0000217	Prbk.g_00194	Pran.g_00318
OG0000218	Prbk.g_00196	Pran.g_00317
OG0000219	Prbk.g_00197	Pran.g_00316
OG0000220	Prbk.g_00202	Pran.g_00313
OG0000221	Prbk.g_00207	Pran.g_00311
OG0000222	Prbk.g_00208	Pran.g_00310
OG0000223	Prbk.g_00209	Pran.g_00309
OG0000224	Prbk.g_00542	Pran.g_00307
OG0000225	Prbk.g_00544	Pran.g_00305
OG0000226	Prbk.g_00547	Pran.g_00304
OG0000227	Prbk.g_00549	Pran.g_00303
OG0000228	Prbk.g_00550	Pran.g_00302
OG0000229	Prbk.g_00551	Pran.g_00301
OG0000230	Prbk.g_00552	Pran.g_00300
OG0000231	Prbk.g_00554	Pran.g_00298
OG0000232	Prbk.g_00555	Pran.g_00297
OG0000233	Prbk.g_00560	Pran.g_00294
OG0000234	Prbk.g_00749	Pran.g_00292
OG0000235	Prbk.g_00751	Pran.g_00288
OG0000236	Prbk.g_00752	Pran.g_00287
OG0000237	Prbk.g_00753	Pran.g_00286
OG0000238	Prbk.g_00754	Pran.g_00285
OG0000239	Prbk.g_00755	Pran.g_00283
OG0000240	Prbk.g_00757	Pran.g_00281
OG0000241	Prbk.g_00758	Pran.g_00280
OG0000242	Prbk.g_00759	Pran.g_00279
OG0000243	Prbk.g_00760	Pran.g_00278
OG0000244	Prbk.g_00761	Pran.g_00277
OG0000245	Prbk.g_00763	Pran.g_00276
OG0000246	Prbk.g_00765	Pran.g_00274
OG0000247	Prbk.g_00766	Pran.g_00273
OG0000248	Prbk.g_00767	Pran.g_00272
OG0000249	Prbk.g_00768	Pran.g_00271
OG0000250	Prbk.g_00769	Pran.g_00270
OG0000251	Prbk.g_00770	Pran.g_00269
OG0000252	Prbk.g_00771	Pran.g_00268
OG0000253	Prbk.g_00772	Pran.g_00267
OG0000254	Prbk.g_00774	Pran.g_00265
OG0000255	Prbk.g_00775	Pran.g_00264
OG0000256	Prbk.g_00778	Pran.g_00261
OG0000257	Prbk.g_00779	Pran.g_00259
OG0000258	Prbk.g_00780	Pran.g_00258
OG0000259	Prbk.g_00781	Pran.g_00257
OG0000260	Prbk.g_00782	Pran.g_00256
OG0000261	Prbk.g_00783	Pran.g_00255
OG0000262	Prbk.g_00784	Pran.g_00254
OG0000263	Prbk.g_00785	Pran.g_00253
OG0000264	Prbk.g_02425	Pran.g_00251
OG0000265	Prbk.g_01283	Pran.g_00250
OG0000266	Prbk.g_01281	Pran.g_00249
OG0000267	Prbk.g_01277	Pran.g_00247
OG0000268	Prbk.g_01275	Pran.g_00246
OG0000269	Prbk.g_01272	Pran.g_00245
OG0000270	Prbk.g_01270	Pran.g_00244
OG0000271	Prbk.g_01267	Pran.g_00243
OG0000272	Prbk.g_01266	Pran.g_00242
OG0000273	Prbk.g_01263	Pran.g_00241
OG0000274	Prbk.g_01261	Pran.g_00240
OG0000275	Prbk.g_01260	Pran.g_00239
OG0000276	Prbk.g_01259	Pran.g_00238
OG0000277	Prbk.g_01258	Pran.g_00237
OG0000278	Prbk.g_01257	Pran.g_00236
OG0000279	Prbk.g_01256	Pran.g_00235
OG0000280	Prbk.g_01255	Pran.g_00234
OG0000281	Prbk.g_01253	Pran.g_00232
OG0000282	Prbk.g_01252	Pran.g_00231
OG0000283	Prbk.g_01245	Pran.g_00228
OG0000284	Prbk.g_01244	Pran.g_00227
OG0000285	Prbk.g_00631	Pran.g_00226
OG0000286	Prbk.g_00633	Pran.g_00224
OG0000287	Prbk.g_00686	Pran.g_00223
OG0000288	Prbk.g_00685	Pran.g_00222
OG0000289	Prbk.g_00683	Pran.g_00221
OG0000290	Prbk.g_00682	Pran.g_00220
OG0000291	Prbk.g_00680	Pran.g_00219
OG0000292	Prbk.g_00670	Pran.g_00218
OG0000293	Prbk.g_00669	Pran.g_00217
OG0000294	Prbk.g_00668	Pran.g_00216
OG0000295	Prbk.g_00662	Pran.g_00215
OG0000296	Prbk.g_00661	Pran.g_00214
OG0000297	Prbk.g_00658	Pran.g_00213
OG0000298	Prbk.g_00657	Pran.g_00212
OG0000299	Prbk.g_00656	Pran.g_00211
OG0000300	Prbk.g_00655	Pran.g_00210
OG0000301	Prbk.g_00654	Pran.g_00209
OG0000302	Prbk.g_00653	Pran.g_00208
OG0000303	Prbk.g_00652	Pran.g_00207
OG0000304	Prbk.g_00650	Pran.g_00206
OG0000305	Prbk.g_00649	Pran.g_00205
OG0000306	Prbk.g_00648	Pran.g_00204
OG0000307	Prbk.g_01364	Pran.g_00203
OG0000308	Prbk.g_01136	Pran.g_00202
OG0000309	Prbk.g_01135	Pran.g_00201
OG0000310	Prbk.g_01134	Pran.g_00200
OG0000311	Prbk.g_01368	Pran.g_00199
OG0000312	Prbk.g_01369	Pran.g_00197
OG0000313	Prbk.g_01521	Pran.g_00196
OG0000314	Prbk.g_01515	Pran.g_00194
OG0000315	Prbk.g_01514	Pran.g_00193
OG0000316	Prbk.g_01900	Pran.g_01950
OG0000317	Prbk.g_01012	Pran.g_01948
OG0000318	Prbk.g_01011	Pran.g_01947
OG0000319	Prbk.g_01010	Pran.g_01946
OG0000320	Prbk.g_01008	Pran.g_01945
OG0000321	Prbk.g_01003	Pran.g_01942
OG0000322	Prbk.g_00371	Pran.g_01939
OG0000323	Prbk.g_00372	Pran.g_01938
OG0000324	Prbk.g_00374	Pran.g_01935
OG0000325	Prbk.g_00376	Pran.g_01934
OG0000326	Prbk.g_00378	Pran.g_01933
OG0000327	Prbk.g_00384	Pran.g_01931
OG0000328	Prbk.g_01365	Pran.g_01930
OG0000329	Prbk.g_00397	Pran.g_01929
OG0000330	Prbk.g_00398	Pran.g_01928
OG0000331	Prbk.g_00400	Pran.g_01927
OG0000332	Prbk.g_00401	Pran.g_01926
OG0000333	Prbk.g_00402	Pran.g_01925
OG0000334	Prbk.g_00403	Pran.g_01924
OG0000335	Prbk.g_00404	Pran.g_01923
OG0000336	Prbk.g_00406	Pran.g_01922
OG0000337	Prbk.g_00411	Pran.g_01919
OG0000338	Prbk.g_00412	Pran.g_01918
OG0000339	Prbk.g_00413	Pran.g_01917
OG0000340	Prbk.g_00415	Pran.g_01916
OG0000341	Prbk.g_00420	Pran.g_01912
OG0000342	Prbk.g_00421	Pran.g_01911
OG0000343	Prbk.g_00423	Pran.g_01909
OG0000344	Prbk.g_00425	Pran.g_01908
OG0000345	Prbk.g_00426	Pran.g_01907
OG0000346	Prbk.g_00427	Pran.g_01906
OG0000347	Prbk.g_00428	Pran.g_01905
OG0000348	Prbk.g_00429	Pran.g_01904
OG0000349	Prbk.g_00430	Pran.g_01903
OG0000350	Prbk.g_00431	Pran.g_01902
OG0000351	Prbk.g_00435	Pran.g_01899
OG0000352	Prbk.g_00439	Pran.g_01896
OG0000353	Prbk.g_00442	Pran.g_01895
OG0000354	Prbk.g_00443	Pran.g_01894
OG0000355	Prbk.g_00444	Pran.g_01893
OG0000356	Prbk.g_00449	Pran.g_01892
OG0000357	Prbk.g_00450	Pran.g_01891
OG0000358	Prbk.g_00451	Pran.g_01890
OG0000359	Prbk.g_00453	Pran.g_01889
OG0000360	Prbk.g_00456	Pran.g_01886
OG0000361	Prbk.g_00457	Pran.g_01885
OG0000362	Prbk.g_00458	Pran.g_01884
OG0000363	Prbk.g_00460	Pran.g_01883
OG0000364	Prbk.g_00461	Pran.g_01882
OG0000365	Prbk.g_00462	Pran.g_01881
OG0000366	Prbk.g_00463	Pran.g_01880
OG0000367	Prbk.g_00464	Pran.g_01879
OG0000368	Prbk.g_00465	Pran.g_01878
OG0000369	Prbk.g_00466	Pran.g_01877
OG0000370	Prbk.g_00467	Pran.g_01876
OG0000371	Prbk.g_00468	Pran.g_01875
OG0000372	Prbk.g_00471	Pran.g_01873
OG0000373	Prbk.g_00481	Pran.g_01871
OG0000374	Prbk.g_00483	Pran.g_01870
OG0000375	Prbk.g_00492	Pran.g_01869
OG0000376	Prbk.g_00853	Pran.g_01867
OG0000377	Prbk.g_00860	Pran.g_01866
OG0000378	Prbk.g_00861	Pran.g_01865
OG0000379	Prbk.g_00871	Pran.g_01860
OG0000380	Prbk.g_00873	Pran.g_01859
OG0000381	Prbk.g_00874	Pran.g_01858
OG0000382	Prbk.g_00876	Pran.g_01857
OG0000383	Prbk.g_00881	Pran.g_01854
OG0000384	Prbk.g_00882	Pran.g_01853
OG0000385	Prbk.g_00888	Pran.g_01850
OG0000386	Prbk.g_00889	Pran.g_01849
OG0000387	Prbk.g_00890	Pran.g_01848
OG0000388	Prbk.g_00891	Pran.g_01847
OG0000389	Prbk.g_00892	Pran.g_01846
OG0000390	Prbk.g_00893	Pran.g_01845
OG0000391	Prbk.g_00894	Pran.g_01844
OG0000392	Prbk.g_00895	Pran.g_01843
OG0000393	Prbk.g_00365	Pran.g_01840
OG0000394	Prbk.g_00364	Pran.g_01839
OG0000395	Prbk.g_00360	Pran.g_01837
OG0000396	Prbk.g_02556	Pran.g_01835
OG0000397	Prbk.g_01321	Pran.g_01823
OG0000398	Prbk.g_00924	Pran.g_01816
OG0000399	Prbk.g_01693	Pran.g_01815
OG0000400	Prbk.g_01902	Pran.g_01808
OG0000401	Prbk.g_00352	Pran.g_01749
OG0000402	Prbk.g_00351	Pran.g_01748
OG0000403	Prbk.g_00339	Pran.g_01747
OG0000404	Prbk.g_00329	Pran.g_01745
OG0000405	Prbk.g_00328	Pran.g_01744
OG0000406	Prbk.g_00326	Pran.g_01742
OG0000407	Prbk.g_00325	Pran.g_01741
OG0000408	Prbk.g_00324	Pran.g_01740
OG0000409	Prbk.g_00323	Pran.g_01739
OG0000410	Prbk.g_00321	Pran.g_01738
OG0000411	Prbk.g_00320	Pran.g_01737
OG0000412	Prbk.g_00319	Pran.g_01736
OG0000413	Prbk.g_00318	Pran.g_01735
OG0000414	Prbk.g_00317	Pran.g_01734
OG0000415	Prbk.g_00316	Pran.g_01733
OG0000416	Prbk.g_00315	Pran.g_01729
OG0000417	Prbk.g_00311	Pran.g_01728
OG0000418	Prbk.g_00310	Pran.g_01727
OG0000419	Prbk.g_00309	Pran.g_01726
OG0000420	Prbk.g_00308	Pran.g_01725
OG0000421	Prbk.g_00301	Pran.g_01724
OG0000422	Prbk.g_00299	Pran.g_01723
OG0000423	Prbk.g_00298	Pran.g_01722
OG0000424	Prbk.g_00295	Pran.g_01720
OG0000425	Prbk.g_02088	Pran.g_01717
OG0000426	Prbk.g_02089	Pran.g_01716
OG0000427	Prbk.g_02092	Pran.g_01715
OG0000428	Prbk.g_02105	Pran.g_01714
OG0000429	Prbk.g_02107	Pran.g_01713
OG0000430	Prbk.g_02109	Pran.g_01707
OG0000431	Prbk.g_02111	Pran.g_01705
OG0000432	Prbk.g_02112	Pran.g_01704
OG0000433	Prbk.g_02053	Pran.g_01701
OG0000434	Prbk.g_02056	Pran.g_01700
OG0000435	Prbk.g_02060	Pran.g_01699
OG0000436	Prbk.g_02062	Pran.g_01697
OG0000437	Prbk.g_02064	Pran.g_01695
OG0000438	Prbk.g_02065	Pran.g_01694
OG0000439	Prbk.g_02066	Pran.g_01693
OG0000440	Prbk.g_02069	Pran.g_01691
OG0000441	Prbk.g_02071	Pran.g_01690
OG0000442	Prbk.g_02072	Pran.g_01689
OG0000443	Prbk.g_02073	Pran.g_01688
OG0000444	Prbk.g_02074	Pran.g_01687
OG0000445	Prbk.g_02075	Pran.g_01686
OG0000446	Prbk.g_02076	Pran.g_01685
OG0000447	Prbk.g_02077	Pran.g_01684
OG0000448	Prbk.g_02078	Pran.g_01683
OG0000449	Prbk.g_01865	Pran.g_01678
OG0000450	Prbk.g_01041	Pran.g_01677
OG0000451	Prbk.g_01042	Pran.g_01676
OG0000452	Prbk.g_01043	Pran.g_01675
OG0000453	Prbk.g_01046	Pran.g_01673
OG0000454	Prbk.g_01047	Pran.g_01672
OG0000455	Prbk.g_01048	Pran.g_01671
OG0000456	Prbk.g_01049	Pran.g_01670
OG0000457	Prbk.g_01050	Pran.g_01668
OG0000458	Prbk.g_01051	Pran.g_01666
OG0000459	Prbk.g_01052	Pran.g_01665
OG0000460	Prbk.g_01054	Pran.g_01663
OG0000461	Prbk.g_01055	Pran.g_01662
OG0000462	Prbk.g_01056	Pran.g_01661
OG0000463	Prbk.g_01061	Pran.g_01660
OG0000464	Prbk.g_01066	Pran.g_01655
OG0000465	Prbk.g_01067	Pran.g_01653
OG0000466	Prbk.g_01068	Pran.g_01652
OG0000467	Prbk.g_01070	Pran.g_01651
OG0000468	Prbk.g_01071	Pran.g_01650
OG0000469	Prbk.g_01076	Pran.g_01649
OG0000470	Prbk.g_01965	Pran.g_01648
OG0000471	Prbk.g_01772	Pran.g_01647
OG0000472	Prbk.g_01081	Pran.g_01644
OG0000473	Prbk.g_01083	Pran.g_01643
OG0000474	Prbk.g_01085	Pran.g_01642
OG0000475	Prbk.g_01086	Pran.g_01641
OG0000476	Prbk.g_01092	Pran.g_01640
OG0000477	Prbk.g_01095	Pran.g_01638
OG0000478	Prbk.g_01097	Pran.g_01637
OG0000479	Prbk.g_01099	Pran.g_01636
OG0000480	Prbk.g_02686	Pran.g_01634
OG0000481	Prbk.g_01898	Pran.g_01633
OG0000482	Prbk.g_01897	Pran.g_01632
OG0000483	Prbk.g_01895	Pran.g_01631
OG0000484	Prbk.g_01894	Pran.g_01630
OG0000485	Prbk.g_01893	Pran.g_01629
OG0000486	Prbk.g_01892	Pran.g_01628
OG0000487	Prbk.g_01891	Pran.g_01627
OG0000488	Prbk.g_01889	Pran.g_01625
OG0000489	Prbk.g_01888	Pran.g_01624
OG0000490	Prbk.g_01887	Pran.g_01623
OG0000491	Prbk.g_01886	Pran.g_01622
OG0000492	Prbk.g_01885	Pran.g_01621
OG0000493	Prbk.g_01884	Pran.g_01620
OG0000494	Prbk.g_01882	Pran.g_01618
OG0000495	Prbk.g_01881	Pran.g_01617
OG0000496	Prbk.g_01879	Pran.g_01616
OG0000497	Prbk.g_01877	Pran.g_01614
OG0000498	Prbk.g_01876	Pran.g_01613
OG0000499	Prbk.g_01874	Pran.g_01611
OG0000500	Prbk.g_01873	Pran.g_01610
OG0000501	Prbk.g_01104	Pran.g_01608
OG0000502	Prbk.g_01105	Pran.g_01607
OG0000503	Prbk.g_01106	Pran.g_01606
OG0000504	Prbk.g_01108	Pran.g_01605
OG0000505	Prbk.g_01109	Pran.g_01604
OG0000506	Prbk.g_01110	Pran.g_01603
OG0000507	Prbk.g_01111	Pran.g_01602
OG0000508	Prbk.g_01115	Pran.g_01600
OG0000509	Prbk.g_01116	Pran.g_01599
OG0000510	Prbk.g_01117	Pran.g_01598
OG0000511	Prbk.g_01118	Pran.g_01597
OG0000512	Prbk.g_01119	Pran.g_01596
OG0000513	Prbk.g_01120	Pran.g_01595
OG0000514	Prbk.g_01121	Pran.g_01594
OG0000515	Prbk.g_01124	Pran.g_01592
OG0000516	Prbk.g_01125	Pran.g_01591
OG0000517	Prbk.g_01126	Pran.g_01590
OG0000518	Prbk.g_01130	Pran.g_01587
OG0000519	Prbk.g_01131	Pran.g_01586
OG0000520	Prbk.g_01132	Pran.g_01585
OG0000521	Prbk.g_01133	Pran.g_01584
OG0000522	Prbk.g_01139	Pran.g_01583
OG0000523	Prbk.g_01140	Pran.g_01582
OG0000524	Prbk.g_01141	Pran.g_01581
OG0000525	Prbk.g_01143	Pran.g_01579
OG0000526	Prbk.g_01144	Pran.g_01578
OG0000527	Prbk.g_01145	Pran.g_01577
OG0000528	Prbk.g_01146	Pran.g_01576
OG0000529	Prbk.g_01147	Pran.g_01575
OG0000530	Prbk.g_01148	Pran.g_01574
OG0000531	Prbk.g_01151	Pran.g_01573
OG0000532	Prbk.g_01153	Pran.g_01572
OG0000533	Prbk.g_01154	Pran.g_01571
OG0000534	Prbk.g_01155	Pran.g_01570
OG0000535	Prbk.g_01156	Pran.g_01569
OG0000536	Prbk.g_01157	Pran.g_01568
OG0000537	Prbk.g_01158	Pran.g_01567
OG0000538	Prbk.g_01159	Pran.g_01566
OG0000539	Prbk.g_01161	Pran.g_01565
OG0000540	Prbk.g_01163	Pran.g_01564
OG0000541	Prbk.g_02602	Pran.g_01563
OG0000542	Prbk.g_02603	Pran.g_01562
OG0000543	Prbk.g_02604	Pran.g_01561
OG0000544	Prbk.g_02605	Pran.g_01560
OG0000545	Prbk.g_02608	Pran.g_01557
OG0000546	Prbk.g_02609	Pran.g_01556
OG0000547	Prbk.g_02611	Pran.g_01554
OG0000548	Prbk.g_02616	Pran.g_01553
OG0000549	Prbk.g_02617	Pran.g_01552
OG0000550	Prbk.g_02618	Pran.g_01551
OG0000551	Prbk.g_02621	Pran.g_01550
OG0000552	Prbk.g_02623	Pran.g_01549
OG0000553	Prbk.g_02624	Pran.g_01548
OG0000554	Prbk.g_02626	Pran.g_01547
OG0000555	Prbk.g_02627	Pran.g_01546
OG0000556	Prbk.g_02628	Pran.g_01545
OG0000557	Prbk.g_02629	Pran.g_01544
OG0000558	Prbk.g_02631	Pran.g_01543
OG0000559	Prbk.g_02632	Pran.g_01542
OG0000560	Prbk.g_02634	Pran.g_01540
OG0000561	Prbk.g_02635	Pran.g_01539
OG0000562	Prbk.g_02637	Pran.g_01538
OG0000563	Prbk.g_02638	Pran.g_01537
OG0000564	Prbk.g_02639	Pran.g_01536
OG0000565	Prbk.g_02647	Pran.g_01535
OG0000566	Prbk.g_02648	Pran.g_01534
OG0000567	Prbk.g_02649	Pran.g_01533
OG0000568	Prbk.g_02650	Pran.g_01532
OG0000569	Prbk.g_02651	Pran.g_01531
OG0000570	Prbk.g_02654	Pran.g_01530
OG0000571	Prbk.g_02655	Pran.g_01529
OG0000572	Prbk.g_02656	Pran.g_01528
OG0000573	Prbk.g_00738	Pran.g_01525
OG0000574	Prbk.g_00729	Pran.g_01524
OG0000575	Prbk.g_00728	Pran.g_01523
OG0000576	Prbk.g_00727	Pran.g_01522
OG0000577	Prbk.g_00726	Pran.g_01521
OG0000578	Prbk.g_00725	Pran.g_01520
OG0000579	Prbk.g_00723	Pran.g_01519
OG0000580	Prbk.g_00720	Pran.g_01518
OG0000581	Prbk.g_00719	Pran.g_01517
OG0000582	Prbk.g_00718	Pran.g_01516
OG0000583	Prbk.g_00717	Pran.g_01515
OG0000584	Prbk.g_00715	Pran.g_01514
OG0000585	Prbk.g_00714	Pran.g_01513
OG0000586	Prbk.g_00712	Pran.g_01511
OG0000587	Prbk.g_00711	Pran.g_01510
OG0000588	Prbk.g_00708	Pran.g_01508
OG0000589	Prbk.g_00706	Pran.g_01507
OG0000590	Prbk.g_00478	Pran.g_01505
OG0000591	Prbk.g_01361	Pran.g_01499
OG0000592	Prbk.g_01767	Pran.g_01498
OG0000593	Prbk.g_00672	Pran.g_01497
OG0000594	Prbk.g_02509	Pran.g_01495
OG0000595	Prbk.g_01925	Pran.g_01494
OG0000596	Prbk.g_01805	Pran.g_01493
OG0000597	Prbk.g_01827	Pran.g_01491
OG0000598	Prbk.g_01821	Pran.g_01490
OG0000599	Prbk.g_01817	Pran.g_01489
OG0000600	Prbk.g_01816	Pran.g_01488
OG0000601	Prbk.g_01802	Pran.g_01486
OG0000602	Prbk.g_01801	Pran.g_01485
OG0000603	Prbk.g_01800	Pran.g_01484
OG0000604	Prbk.g_01760	Pran.g_01483
OG0000605	Prbk.g_01761	Pran.g_01482
OG0000606	Prbk.g_01764	Pran.g_01481
OG0000607	Prbk.g_01766	Pran.g_01479
OG0000608	Prbk.g_02429	Pran.g_01478
OG0000609	Prbk.g_02262	Pran.g_01472
OG0000610	Prbk.g_00169	Pran.g_01471
OG0000611	Prbk.g_00617	Pran.g_01459
OG0000612	Prbk.g_00616	Pran.g_01458
OG0000613	Prbk.g_00615	Pran.g_01457
OG0000614	Prbk.g_00614	Pran.g_01456
OG0000615	Prbk.g_00613	Pran.g_01454
OG0000616	Prbk.g_00612	Pran.g_01453
OG0000617	Prbk.g_00611	Pran.g_01452
OG0000618	Prbk.g_00610	Pran.g_01451
OG0000619	Prbk.g_00608	Pran.g_01450
OG0000620	Prbk.g_00607	Pran.g_01449
OG0000621	Prbk.g_00606	Pran.g_01448
OG0000622	Prbk.g_00605	Pran.g_01447
OG0000623	Prbk.g_00604	Pran.g_01446
OG0000624	Prbk.g_00603	Pran.g_01445
OG0000625	Prbk.g_00602	Pran.g_01444
OG0000626	Prbk.g_00601	Pran.g_01443
OG0000627	Prbk.g_02376	Pran.g_01442
OG0000628	Prbk.g_02375	Pran.g_01441
OG0000629	Prbk.g_02372	Pran.g_01440
OG0000630	Prbk.g_02371	Pran.g_01439
OG0000631	Prbk.g_02368	Pran.g_01437
OG0000632	Prbk.g_01780	Pran.g_01420
OG0000633	Prbk.g_01872	Pran.g_01415
OG0000634	Prbk.g_01863	Pran.g_01400
OG0000635	Prbk.g_02332	Pran.g_01378
OG0000636	Prbk.g_02333	Pran.g_01377
OG0000637	Prbk.g_02334	Pran.g_01376
OG0000638	Prbk.g_00865	Pran.g_01365
OG0000639	Prbk.g_01455	Pran.g_01356
OG0000640	Prbk.g_02367	Pran.g_01354
OG0000641	Prbk.g_02362	Pran.g_01352
OG0000642	Prbk.g_02361	Pran.g_01351
OG0000643	Prbk.g_02360	Pran.g_01350
OG0000644	Prbk.g_02462	Pran.g_01349
OG0000645	Prbk.g_02463	Pran.g_01348
OG0000646	Prbk.g_02464	Pran.g_01347
OG0000647	Prbk.g_02465	Pran.g_01346
OG0000648	Prbk.g_02467	Pran.g_01344
OG0000649	Prbk.g_02468	Pran.g_01343
OG0000650	Prbk.g_02469	Pran.g_01342
OG0000651	Prbk.g_02470	Pran.g_01341
OG0000652	Prbk.g_02471	Pran.g_01340
OG0000653	Prbk.g_02472	Pran.g_01339
OG0000654	Prbk.g_02474	Pran.g_01337
OG0000655	Prbk.g_02476	Pran.g_01335
OG0000656	Prbk.g_02477	Pran.g_01334
OG0000657	Prbk.g_02478	Pran.g_01333
OG0000658	Prbk.g_02479	Pran.g_01332
OG0000659	Prbk.g_02480	Pran.g_01331
OG0000660	Prbk.g_02481	Pran.g_01330
OG0000661	Prbk.g_02483	Pran.g_01329
OG0000662	Prbk.g_02486	Pran.g_01328
OG0000663	Prbk.g_02487	Pran.g_01327
OG0000664	Prbk.g_02488	Pran.g_01326
OG0000665	Prbk.g_02489	Pran.g_01325
OG0000666	Prbk.g_02490	Pran.g_01324
OG0000667	Prbk.g_02491	Pran.g_01323
OG0000668	Prbk.g_02492	Pran.g_01322
OG0000669	Prbk.g_02494	Pran.g_01320
OG0000670	Prbk.g_02495	Pran.g_01319
OG0000671	Prbk.g_02496	Pran.g_01318
OG0000672	Prbk.g_02497	Pran.g_01317
OG0000673	Prbk.g_02498	Pran.g_01316
OG0000674	Prbk.g_02499	Pran.g_01315
OG0000675	Prbk.g_02526	Pran.g_01313
OG0000676	Prbk.g_02527	Pran.g_01312
OG0000677	Prbk.g_02530	Pran.g_01310
OG0000678	Prbk.g_02532	Pran.g_01308
OG0000679	Prbk.g_02534	Pran.g_01307
OG0000680	Prbk.g_02535	Pran.g_01306
OG0000681	Prbk.g_02536	Pran.g_01305
OG0000682	Prbk.g_02537	Pran.g_01304
OG0000683	Prbk.g_02539	Pran.g_01302
OG0000684	Prbk.g_02540	Pran.g_01301
OG0000685	Prbk.g_02541	Pran.g_01300
OG0000686	Prbk.g_02542	Pran.g_01299
OG0000687	Prbk.g_02543	Pran.g_01298
OG0000688	Prbk.g_02544	Pran.g_01297
OG0000689	Prbk.g_02546	Pran.g_01296
OG0000690	Prbk.g_02547	Pran.g_01295
OG0000691	Prbk.g_02548	Pran.g_01294
OG0000692	Prbk.g_02559	Pran.g_01292
OG0000693	Prbk.g_02560	Pran.g_01291
OG0000694	Prbk.g_02563	Pran.g_01290
OG0000695	Prbk.g_02567	Pran.g_01289
OG0000696	Prbk.g_02568	Pran.g_01287
OG0000697	Prbk.g_02570	Pran.g_01285
OG0000698	Prbk.g_02379	Pran.g_01283
OG0000699	Prbk.g_00598	Pran.g_01282
OG0000700	Prbk.g_00582	Pran.g_00413
OG0000701	Prbk.g_00193	Pran.g_00418
OG0000702	Prbk.g_02580	Pran.g_00421
OG0000703	Prbk.g_02389	Pran.g_00422
OG0000704	Prbk.g_01662	Pran.g_00423
OG0000705	Prbk.g_02390	Pran.g_00424
OG0000706	Prbk.g_02391	Pran.g_00425
OG0000707	Prbk.g_02393	Pran.g_00426
OG0000708	Prbk.g_02394	Pran.g_00427
OG0000709	Prbk.g_02396	Pran.g_00429
OG0000710	Prbk.g_02397	Pran.g_00430
OG0000711	Prbk.g_02398	Pran.g_00431
OG0000712	Prbk.g_02399	Pran.g_00432
OG0000713	Prbk.g_02400	Pran.g_00433
OG0000714	Prbk.g_02408	Pran.g_00435
OG0000715	Prbk.g_02410	Pran.g_00436
OG0000716	Prbk.g_02415	Pran.g_00438
OG0000717	Prbk.g_02417	Pran.g_00439
OG0000718	Prbk.g_02420	Pran.g_00440
OG0000719	Prbk.g_02435	Pran.g_00442
OG0000720	Prbk.g_02436	Pran.g_00443
OG0000721	Prbk.g_02438	Pran.g_00445
OG0000722	Prbk.g_02439	Pran.g_00446
OG0000723	Prbk.g_02440	Pran.g_00447
OG0000724	Prbk.g_02453	Pran.g_00449
OG0000725	Prbk.g_02452	Pran.g_00450
OG0000726	Prbk.g_02451	Pran.g_00451
OG0000727	Prbk.g_02450	Pran.g_00452
OG0000728	Prbk.g_02449	Pran.g_00453
OG0000729	Prbk.g_02447	Pran.g_00454
OG0000730	Prbk.g_02444	Pran.g_00455
OG0000731	Prbk.g_02455	Pran.g_00456
OG0000732	Prbk.g_02456	Pran.g_00457
OG0000733	Prbk.g_02457	Pran.g_00458
OG0000734	Prbk.g_02458	Pran.g_00459
OG0000735	Prbk.g_02459	Pran.g_00461
OG0000736	Prbk.g_02460	Pran.g_00462
OG0000737	Prbk.g_02461	Pran.g_00463
OG0000738	Prbk.g_02359	Pran.g_00464
OG0000739	Prbk.g_02358	Pran.g_00465
OG0000740	Prbk.g_02357	Pran.g_00466
OG0000741	Prbk.g_02355	Pran.g_00467
OG0000742	Prbk.g_02353	Pran.g_00469
OG0000743	Prbk.g_02352	Pran.g_00470
OG0000744	Prbk.g_02350	Pran.g_00471
OG0000745	Prbk.g_02349	Pran.g_00472
OG0000746	Prbk.g_02348	Pran.g_00473
OG0000747	Prbk.g_01698	Pran.g_00474
OG0000748	Prbk.g_02340	Pran.g_00475
OG0000749	Prbk.g_02339	Pran.g_00476
OG0000750	Prbk.g_02337	Pran.g_00477
OG0000751	Prbk.g_02336	Pran.g_00478
OG0000752	Prbk.g_02189	Pran.g_00479
OG0000753	Prbk.g_02331	Pran.g_00481
OG0000754	Prbk.g_02330	Pran.g_00482
OG0000755	Prbk.g_02329	Pran.g_00483
OG0000756	Prbk.g_02327	Pran.g_00484
OG0000757	Prbk.g_02326	Pran.g_00485
OG0000758	Prbk.g_02325	Pran.g_00486
OG0000759	Prbk.g_02320	Pran.g_00488
OG0000760	Prbk.g_02319	Pran.g_00489
OG0000761	Prbk.g_02317	Pran.g_00490
OG0000762	Prbk.g_02315	Pran.g_00492
OG0000763	Prbk.g_02313	Pran.g_00493
OG0000764	Prbk.g_02311	Pran.g_00494
OG0000765	Prbk.g_02310	Pran.g_00495
OG0000766	Prbk.g_02309	Pran.g_00496
OG0000767	Prbk.g_02307	Pran.g_00498
OG0000768	Prbk.g_02306	Pran.g_00499
OG0000769	Prbk.g_02305	Pran.g_00500
OG0000770	Prbk.g_02304	Pran.g_00501
OG0000771	Prbk.g_02303	Pran.g_00502
OG0000772	Prbk.g_01728	Pran.g_00503
OG0000773	Prbk.g_02301	Pran.g_00504
OG0000774	Prbk.g_02299	Pran.g_00505
OG0000775	Prbk.g_02297	Pran.g_00506
OG0000776	Prbk.g_02293	Pran.g_00508
OG0000777	Prbk.g_02292	Pran.g_00510
OG0000778	Prbk.g_00562	Pran.g_00511
OG0000779	Prbk.g_00566	Pran.g_00512
OG0000780	Prbk.g_00568	Pran.g_00514
OG0000781	Prbk.g_00572	Pran.g_00516
OG0000782	Prbk.g_00573	Pran.g_00517
OG0000783	Prbk.g_00578	Pran.g_00537
OG0000784	Prbk.g_00580	Pran.g_00539
OG0000785	Prbk.g_00581	Pran.g_00540
OG0000786	Prbk.g_00583	Pran.g_00541
OG0000787	Prbk.g_00584	Pran.g_00542
OG0000788	Prbk.g_00590	Pran.g_00546
OG0000789	Prbk.g_00593	Pran.g_00548
OG0000790	Prbk.g_02190	Pran.g_00549
OG0000791	Prbk.g_00594	Pran.g_00550
OG0000792	Prbk.g_00595	Pran.g_00551
OG0000793	Prbk.g_00596	Pran.g_00552
OG0000794	Prbk.g_00599	Pran.g_00554
OG0000795	Prbk.g_00068	Pran.g_00557
OG0000796	Prbk.g_00067	Pran.g_00558
OG0000797	Prbk.g_00064	Pran.g_00560
OG0000798	Prbk.g_00063	Pran.g_00561
OG0000799	Prbk.g_00062	Pran.g_00562
OG0000800	Prbk.g_00061	Pran.g_00563
OG0000801	Prbk.g_00058	Pran.g_00566
OG0000802	Prbk.g_00057	Pran.g_00567
OG0000803	Prbk.g_00054	Pran.g_00569
OG0000804	Prbk.g_00053	Pran.g_00570
OG0000805	Prbk.g_00052	Pran.g_00571
OG0000806	Prbk.g_00051	Pran.g_00573
OG0000807	Prbk.g_00627	Pran.g_00154
OG0000808	Prbk.g_02595	Pran.g_00144
OG0000809	Prbk.g_02022	Pran.g_00141
OG0000810	Prbk.g_01700	Pran.g_00140
OG0000811	Prbk.g_01531	Pran.g_00133
OG0000812	Prbk.g_00869	Pran.g_00129
OG0000813	Prbk.g_00879	Pran.g_00125
OG0000814	Prbk.g_01234	Pran.g_00123
OG0000815	Prbk.g_02613	Pran.g_00110
OG0000816	Prbk.g_02202	Pran.g_00092
OG0000817	Prbk.g_02196	Pran.g_00091
OG0000818	Prbk.g_01456	Pran.g_00085
OG0000819	Prbk.g_01227	Pran.g_00078
OG0000820	Prbk.g_00004	Pran.g_00075
OG0000821	Prbk.g_01037	Pran.g_00073
OG0000822	Prbk.g_01036	Pran.g_00072
OG0000823	Prbk.g_01035	Pran.g_00071
OG0000824	Prbk.g_01034	Pran.g_00070
OG0000825	Prbk.g_01032	Pran.g_00069
OG0000826	Prbk.g_01031	Pran.g_00068
OG0000827	Prbk.g_01028	Pran.g_00067
OG0000828	Prbk.g_01026	Pran.g_00066
OG0000829	Prbk.g_01025	Pran.g_00065
OG0000830	Prbk.g_01022	Pran.g_00064
OG0000831	Prbk.g_01020	Pran.g_00061
OG0000832	Prbk.g_01018	Pran.g_00059
OG0000833	Prbk.g_01017	Pran.g_00058
OG0000834	Prbk.g_00141	Pran.g_00057
OG0000835	Prbk.g_00142	Pran.g_00056
OG0000836	Prbk.g_00143	Pran.g_00055
OG0000837	Prbk.g_00153	Pran.g_00053
OG0000838	Prbk.g_00155	Pran.g_00052
OG0000839	Prbk.g_00156	Pran.g_00051
OG0000840	Prbk.g_00157	Pran.g_00050
OG0000841	Prbk.g_00158	Pran.g_00049
OG0000842	Prbk.g_00106	Pran.g_00048
OG0000843	Prbk.g_00105	Pran.g_00047
OG0000844	Prbk.g_00104	Pran.g_00046
OG0000845	Prbk.g_00103	Pran.g_00045
OG0000846	Prbk.g_00100	Pran.g_00042
OG0000847	Prbk.g_00099	Pran.g_00040
OG0000848	Prbk.g_01501	Pran.g_00039
OG0000849	Prbk.g_01498	Pran.g_00038
OG0000850	Prbk.g_01497	Pran.g_00037
OG0000851	Prbk.g_00139	Pran.g_00036
OG0000852	Prbk.g_00137	Pran.g_00034
OG0000853	Prbk.g_00135	Pran.g_00033
OG0000854	Prbk.g_00133	Pran.g_00031
OG0000855	Prbk.g_00132	Pran.g_00030
OG0000856	Prbk.g_00131	Pran.g_00029
OG0000857	Prbk.g_00130	Pran.g_00028
OG0000858	Prbk.g_00129	Pran.g_00027
OG0000859	Prbk.g_00128	Pran.g_00026
OG0000860	Prbk.g_00127	Pran.g_00025
OG0000861	Prbk.g_01503	Pran.g_00024
OG0000862	Prbk.g_01504	Pran.g_00023
OG0000863	Prbk.g_01505	Pran.g_00022
OG0000864	Prbk.g_01506	Pran.g_00021
OG0000865	Prbk.g_01508	Pran.g_00020
OG0000866	Prbk.g_00189	Pran.g_00019
OG0000867	Prbk.g_00188	Pran.g_00018
OG0000868	Prbk.g_00186	Pran.g_00017
OG0000869	Prbk.g_00183	Pran.g_00015
OG0000870	Prbk.g_00182	Pran.g_00014
OG0000871	Prbk.g_00178	Pran.g_00012
OG0000872	Prbk.g_00177	Pran.g_00011
OG0000873	Prbk.g_00175	Pran.g_00009
OG0000874	Prbk.g_00174	Pran.g_00008
OG0000875	Prbk.g_00097	Pran.g_00007
OG0000876	Prbk.g_00098	Pran.g_00006
OG0000877	Prbk.g_00122	Pran.g_00004
OG0000878	Prbk.g_02011	Pran.g_00899
OG0000879	Prbk.g_00164	Pran.g_00887
OG0000880	Prbk.g_00163	Pran.g_00886
OG0000881	Prbk.g_00162	Pran.g_00885
OG0000882	Prbk.g_01194	Pran.g_00884
OG0000883	Prbk.g_01192	Pran.g_00883
OG0000884	Prbk.g_01190	Pran.g_00881
OG0000885	Prbk.g_01189	Pran.g_00880
OG0000886	Prbk.g_01188	Pran.g_00879
OG0000887	Prbk.g_01187	Pran.g_00878
OG0000888	Prbk.g_01186	Pran.g_00877
OG0000889	Prbk.g_01182	Pran.g_00874
OG0000890	Prbk.g_01179	Pran.g_00873
OG0000891	Prbk.g_01178	Pran.g_00872
OG0000892	Prbk.g_01175	Pran.g_00870
OG0000893	Prbk.g_01174	Pran.g_00869
OG0000894	Prbk.g_01173	Pran.g_00868
OG0000895	Prbk.g_01172	Pran.g_00867
OG0000896	Prbk.g_01171	Pran.g_00866
OG0000897	Prbk.g_01170	Pran.g_00865
OG0000898	Prbk.g_01167	Pran.g_00863
OG0000899	Prbk.g_01166	Pran.g_00862
OG0000900	Prbk.g_01199	Pran.g_00855
OG0000901	Prbk.g_02120	Pran.g_00854
OG0000902	Prbk.g_00334	Pran.g_00853
OG0000903	Prbk.g_02564	Pran.g_00852
OG0000904	Prbk.g_01691	Pran.g_00850
OG0000905	Prbk.g_00055	Pran.g_00848
OG0000906	Prbk.g_00629	Pran.g_00847
OG0000907	Prbk.g_02578	Pran.g_00846
OG0000908	Prbk.g_00923	Pran.g_00843
OG0000909	Prbk.g_02051	Pran.g_00839
OG0000910	Prbk.g_02050	Pran.g_00838
OG0000911	Prbk.g_02049	Pran.g_00837
OG0000912	Prbk.g_02048	Pran.g_00836
OG0000913	Prbk.g_02047	Pran.g_00835
OG0000914	Prbk.g_02046	Pran.g_00834
OG0000915	Prbk.g_02045	Pran.g_00833
OG0000916	Prbk.g_02044	Pran.g_00832
OG0000917	Prbk.g_02042	Pran.g_00831
OG0000918	Prbk.g_02041	Pran.g_00830
OG0000919	Prbk.g_02040	Pran.g_00829
OG0000920	Prbk.g_02039	Pran.g_00828
OG0000921	Prbk.g_02038	Pran.g_00827
OG0000922	Prbk.g_02037	Pran.g_00826
OG0000923	Prbk.g_02036	Pran.g_00825
OG0000924	Prbk.g_02035	Pran.g_00824
OG0000925	Prbk.g_02034	Pran.g_00823
OG0000926	Prbk.g_00526	Pran.g_00822
OG0000927	Prbk.g_01929	Pran.g_00751
OG0000928	Prbk.g_01930	Pran.g_00750
OG0000929	Prbk.g_01931	Pran.g_00749
OG0000930	Prbk.g_01937	Pran.g_00748
OG0000931	Prbk.g_01938	Pran.g_00747
OG0000932	Prbk.g_00244	Pran.g_00745
OG0000933	Prbk.g_00246	Pran.g_00744
OG0000934	Prbk.g_00247	Pran.g_00743
OG0000935	Prbk.g_00248	Pran.g_00742
OG0000936	Prbk.g_00249	Pran.g_00741
OG0000937	Prbk.g_00250	Pran.g_00740
OG0000938	Prbk.g_00252	Pran.g_00739
OG0000939	Prbk.g_00253	Pran.g_00738
OG0000940	Prbk.g_00255	Pran.g_00737
OG0000941	Prbk.g_00257	Pran.g_00735
OG0000942	Prbk.g_00258	Pran.g_00734
OG0000943	Prbk.g_00261	Pran.g_00731
OG0000944	Prbk.g_00270	Pran.g_00730
OG0000945	Prbk.g_00271	Pran.g_00729
OG0000946	Prbk.g_00272	Pran.g_00728
OG0000947	Prbk.g_00273	Pran.g_00727
OG0000948	Prbk.g_00274	Pran.g_00726
OG0000949	Prbk.g_00275	Pran.g_00725
OG0000950	Prbk.g_00276	Pran.g_00724
OG0000951	Prbk.g_00277	Pran.g_00723
OG0000952	Prbk.g_00278	Pran.g_00722
OG0000953	Prbk.g_00279	Pran.g_00721
OG0000954	Prbk.g_00280	Pran.g_00720
OG0000955	Prbk.g_00281	Pran.g_00719
OG0000956	Prbk.g_00282	Pran.g_00718
OG0000957	Prbk.g_00283	Pran.g_00717
OG0000958	Prbk.g_01237	Pran.g_00716
OG0000959	Prbk.g_01236	Pran.g_00715
OG0000960	Prbk.g_01235	Pran.g_00714
OG0000961	Prbk.g_01228	Pran.g_00710
OG0000962	Prbk.g_01226	Pran.g_00709
OG0000963	Prbk.g_01225	Pran.g_00708
OG0000964	Prbk.g_01222	Pran.g_00706
OG0000965	Prbk.g_01221	Pran.g_00705
OG0000966	Prbk.g_01220	Pran.g_00704
OG0000967	Prbk.g_01219	Pran.g_00703
OG0000968	Prbk.g_01218	Pran.g_00702
OG0000969	Prbk.g_01217	Pran.g_00701
OG0000970	Prbk.g_01216	Pran.g_00700
OG0000971	Prbk.g_01215	Pran.g_00699
OG0000972	Prbk.g_01214	Pran.g_00698
OG0000973	Prbk.g_01213	Pran.g_00697
OG0000974	Prbk.g_01211	Pran.g_00695
OG0000975	Prbk.g_01654	Pran.g_00692
OG0000976	Prbk.g_02016	Pran.g_00690
OG0000977	Prbk.g_02006	Pran.g_00689
OG0000978	Prbk.g_02004	Pran.g_00688
OG0000979	Prbk.g_02002	Pran.g_00686
OG0000980	Prbk.g_02001	Pran.g_00685
OG0000981	Prbk.g_02596	Pran.g_00684
OG0000982	Prbk.g_02000	Pran.g_00683
OG0000983	Prbk.g_01998	Pran.g_00681
OG0000984	Prbk.g_01997	Pran.g_00680
OG0000985	Prbk.g_01996	Pran.g_00679
OG0000986	Prbk.g_01994	Pran.g_00678
OG0000987	Prbk.g_01993	Pran.g_00677
OG0000988	Prbk.g_01991	Pran.g_00676
OG0000989	Prbk.g_01990	Pran.g_00675
OG0000990	Prbk.g_01989	Pran.g_00674
OG0000991	Prbk.g_01988	Pran.g_00673
OG0000992	Prbk.g_01987	Pran.g_00672
OG0000993	Prbk.g_01986	Pran.g_00671
OG0000994	Prbk.g_01985	Pran.g_00670
OG0000995	Prbk.g_01983	Pran.g_00669
OG0000996	Prbk.g_01982	Pran.g_00668
OG0000997	Prbk.g_01981	Pran.g_00667
OG0000998	Prbk.g_01980	Pran.g_00666
OG0000999	Prbk.g_01979	Pran.g_00665
OG0001000	Prbk.g_01978	Pran.g_00664
OG0001001	Prbk.g_01977	Pran.g_00662
OG0001002	Prbk.g_00937	Pran.g_00661
OG0001003	Prbk.g_00936	Pran.g_00660
OG0001004	Prbk.g_01360	Pran.g_00659
OG0001005	Prbk.g_00934	Pran.g_00658
OG0001006	Prbk.g_00933	Pran.g_00657
OG0001007	Prbk.g_00932	Pran.g_00656
OG0001008	Prbk.g_00930	Pran.g_00654
OG0001009	Prbk.g_00929	Pran.g_00653
OG0001010	Prbk.g_02593	Pran.g_00646
OG0001011	Prbk.g_02619	Pran.g_00636
OG0001012	Prbk.g_02485	Pran.g_00598
OG0001013	Prbk.g_00918	Pran.g_00964
OG0001014	Prbk.g_00917	Pran.g_00965
OG0001015	Prbk.g_00906	Pran.g_00971
OG0001016	Prbk.g_00905	Pran.g_00972
OG0001017	Prbk.g_00904	Pran.g_00973
OG0001018	Prbk.g_00902	Pran.g_00974
OG0001019	Prbk.g_01451	Pran.g_00976
OG0001020	Prbk.g_01450	Pran.g_00977
OG0001021	Prbk.g_01449	Pran.g_00978
OG0001022	Prbk.g_01448	Pran.g_00979
OG0001023	Prbk.g_01447	Pran.g_00980
OG0001024	Prbk.g_01445	Pran.g_00981
OG0001025	Prbk.g_01444	Pran.g_00982
OG0001026	Prbk.g_01443	Pran.g_00984
OG0001027	Prbk.g_01442	Pran.g_00985
OG0001028	Prbk.g_01441	Pran.g_00986
OG0001029	Prbk.g_01440	Pran.g_00987
OG0001030	Prbk.g_01439	Pran.g_00988
OG0001031	Prbk.g_01438	Pran.g_00989
OG0001032	Prbk.g_01437	Pran.g_00990
OG0001033	Prbk.g_01436	Pran.g_00991
OG0001034	Prbk.g_01434	Pran.g_00992
OG0001035	Prbk.g_01432	Pran.g_00994
OG0001036	Prbk.g_01431	Pran.g_00995
OG0001037	Prbk.g_01429	Pran.g_00996
OG0001038	Prbk.g_01428	Pran.g_00997
OG0001039	Prbk.g_01427	Pran.g_00998
OG0001040	Prbk.g_01426	Pran.g_00999
OG0001041	Prbk.g_01425	Pran.g_01000
OG0001042	Prbk.g_01423	Pran.g_01001
OG0001043	Prbk.g_01422	Pran.g_01002
OG0001044	Prbk.g_01421	Pran.g_01003
OG0001045	Prbk.g_01420	Pran.g_01004
OG0001046	Prbk.g_01419	Pran.g_01005
OG0001047	Prbk.g_01415	Pran.g_01008
OG0001048	Prbk.g_01413	Pran.g_01010
OG0001049	Prbk.g_01412	Pran.g_01011
OG0001050	Prbk.g_01411	Pran.g_01012
OG0001051	Prbk.g_01410	Pran.g_01013
OG0001052	Prbk.g_01409	Pran.g_01014
OG0001053	Prbk.g_01407	Pran.g_01015
OG0001054	Prbk.g_01405	Pran.g_01017
OG0001055	Prbk.g_01404	Pran.g_01018
OG0001056	Prbk.g_01403	Pran.g_01019
OG0001057	Prbk.g_01402	Pran.g_01020
OG0001058	Prbk.g_01401	Pran.g_01021
OG0001059	Prbk.g_01400	Pran.g_01022
OG0001060	Prbk.g_01399	Pran.g_01023
OG0001061	Prbk.g_01398	Pran.g_01024
OG0001062	Prbk.g_01384	Pran.g_01025
OG0001063	Prbk.g_01383	Pran.g_01026
OG0001064	Prbk.g_01381	Pran.g_01028
OG0001065	Prbk.g_01901	Pran.g_01032
OG0001066	Prbk.g_01904	Pran.g_01033
OG0001067	Prbk.g_01905	Pran.g_01034
OG0001068	Prbk.g_01909	Pran.g_01036
OG0001069	Prbk.g_01910	Pran.g_01037
OG0001070	Prbk.g_01911	Pran.g_01038
OG0001071	Prbk.g_01912	Pran.g_01039
OG0001072	Prbk.g_01913	Pran.g_01040
OG0001073	Prbk.g_01914	Pran.g_01041
OG0001074	Prbk.g_01915	Pran.g_01042
OG0001075	Prbk.g_01916	Pran.g_01044
OG0001076	Prbk.g_01917	Pran.g_01045
OG0001077	Prbk.g_01918	Pran.g_01046
OG0001078	Prbk.g_01920	Pran.g_01047
OG0001079	Prbk.g_01921	Pran.g_01048
OG0001080	Prbk.g_01922	Pran.g_01049
OG0001081	Prbk.g_00990	Pran.g_01052
OG0001082	Prbk.g_00991	Pran.g_01053
OG0001083	Prbk.g_00995	Pran.g_01054
OG0001084	Prbk.g_00993	Pran.g_01055
OG0001085	Prbk.g_00992	Pran.g_01056
OG0001086	Prbk.g_00996	Pran.g_01057
OG0001087	Prbk.g_00997	Pran.g_01058
OG0001088	Prbk.g_01926	Pran.g_01059
OG0001089	Prbk.g_00988	Pran.g_01062
OG0001090	Prbk.g_00986	Pran.g_01064
OG0001091	Prbk.g_00985	Pran.g_01065
OG0001092	Prbk.g_00984	Pran.g_01066
OG0001093	Prbk.g_00983	Pran.g_01067
OG0001094	Prbk.g_00982	Pran.g_01069
OG0001095	Prbk.g_00981	Pran.g_01070
OG0001096	Prbk.g_00980	Pran.g_01071
OG0001097	Prbk.g_00979	Pran.g_01072
OG0001098	Prbk.g_00978	Pran.g_01073
OG0001099	Prbk.g_00977	Pran.g_01074
OG0001100	Prbk.g_00976	Pran.g_01075
OG0001101	Prbk.g_00975	Pran.g_01076
OG0001102	Prbk.g_00974	Pran.g_01077
OG0001103	Prbk.g_00973	Pran.g_01078
OG0001104	Prbk.g_00972	Pran.g_01079
OG0001105	Prbk.g_00971	Pran.g_01080
OG0001106	Prbk.g_00970	Pran.g_01081
OG0001107	Prbk.g_00969	Pran.g_01082
OG0001108	Prbk.g_00968	Pran.g_01083
OG0001109	Prbk.g_00967	Pran.g_01084
OG0001110	Prbk.g_00966	Pran.g_01085
OG0001111	Prbk.g_00965	Pran.g_01086
OG0001112	Prbk.g_00964	Pran.g_01087
OG0001113	Prbk.g_00963	Pran.g_01088
OG0001114	Prbk.g_00962	Pran.g_01089
OG0001115	Prbk.g_00961	Pran.g_01090
OG0001116	Prbk.g_00960	Pran.g_01091
OG0001117	Prbk.g_00959	Pran.g_01092
OG0001118	Prbk.g_00958	Pran.g_01093
OG0001119	Prbk.g_00957	Pran.g_01094
OG0001120	Prbk.g_00956	Pran.g_01095
OG0001121	Prbk.g_00953	Pran.g_01097
OG0001122	Prbk.g_00952	Pran.g_01098
OG0001123	Prbk.g_00951	Pran.g_01099
OG0001124	Prbk.g_00949	Pran.g_01101
OG0001125	Prbk.g_00947	Pran.g_01103
OG0001126	Prbk.g_00946	Pran.g_01104
OG0001127	Prbk.g_00797	Pran.g_01106
OG0001128	Prbk.g_00798	Pran.g_01107
OG0001129	Prbk.g_00801	Pran.g_01108
OG0001130	Prbk.g_00804	Pran.g_01111
OG0001131	Prbk.g_00805	Pran.g_01112
OG0001132	Prbk.g_00806	Pran.g_01113
OG0001133	Prbk.g_00807	Pran.g_01114
OG0001134	Prbk.g_00808	Pran.g_01115
OG0001135	Prbk.g_00809	Pran.g_01116
OG0001136	Prbk.g_00810	Pran.g_01117
OG0001137	Prbk.g_00811	Pran.g_01118
OG0001138	Prbk.g_00812	Pran.g_01119
OG0001139	Prbk.g_00814	Pran.g_01120
OG0001140	Prbk.g_00816	Pran.g_01121
OG0001141	Prbk.g_00817	Pran.g_01122
OG0001142	Prbk.g_00844	Pran.g_01125
OG0001143	Prbk.g_00845	Pran.g_01126
OG0001144	Prbk.g_00847	Pran.g_01127
OG0001145	Prbk.g_00848	Pran.g_01128
OG0001146	Prbk.g_00849	Pran.g_01129
OG0001147	Prbk.g_00850	Pran.g_01130
OG0001148	Prbk.g_00851	Pran.g_01131
OG0001149	Prbk.g_00506	Pran.g_01133
OG0001150	Prbk.g_00510	Pran.g_01134
OG0001151	Prbk.g_00513	Pran.g_01136
OG0001152	Prbk.g_00514	Pran.g_01137
OG0001153	Prbk.g_00516	Pran.g_01138
OG0001154	Prbk.g_00518	Pran.g_01139
OG0001155	Prbk.g_00521	Pran.g_01141
OG0001156	Prbk.g_00525	Pran.g_01143
OG0001157	Prbk.g_00527	Pran.g_01144
OG0001158	Prbk.g_00529	Pran.g_01146
OG0001159	Prbk.g_00530	Pran.g_01147
OG0001160	Prbk.g_00531	Pran.g_01148
OG0001161	Prbk.g_00215	Pran.g_01149
OG0001162	Prbk.g_00216	Pran.g_01150
OG0001163	Prbk.g_00217	Pran.g_01151
OG0001164	Prbk.g_00218	Pran.g_01152
OG0001165	Prbk.g_00219	Pran.g_01153
OG0001166	Prbk.g_00220	Pran.g_01154
OG0001167	Prbk.g_00231	Pran.g_01155
OG0001168	Prbk.g_00232	Pran.g_01156
OG0001169	Prbk.g_00233	Pran.g_01157
OG0001170	Prbk.g_00235	Pran.g_01158
OG0001171	Prbk.g_00236	Pran.g_01159
OG0001172	Prbk.g_00238	Pran.g_01161
OG0001173	Prbk.g_01482	Pran.g_01163
OG0001174	Prbk.g_01483	Pran.g_01164
OG0001175	Prbk.g_01484	Pran.g_01165
OG0001176	Prbk.g_01494	Pran.g_01166
OG0001177	Prbk.g_01530	Pran.g_01168
OG0001178	Prbk.g_01534	Pran.g_01171
OG0001179	Prbk.g_01535	Pran.g_01172
OG0001180	Prbk.g_01536	Pran.g_01173
OG0001181	Prbk.g_01537	Pran.g_01174
OG0001182	Prbk.g_01538	Pran.g_01175
OG0001183	Prbk.g_01539	Pran.g_01176
OG0001184	Prbk.g_01568	Pran.g_01178
OG0001185	Prbk.g_01571	Pran.g_01182
OG0001186	Prbk.g_01572	Pran.g_01183
OG0001187	Prbk.g_01573	Pran.g_01184
OG0001188	Prbk.g_01576	Pran.g_01185
OG0001189	Prbk.g_01577	Pran.g_01186
OG0001190	Prbk.g_01578	Pran.g_01187
OG0001191	Prbk.g_01580	Pran.g_01188
OG0001192	Prbk.g_01582	Pran.g_01189
OG0001193	Prbk.g_01583	Pran.g_01190
OG0001194	Prbk.g_01585	Pran.g_01191
OG0001195	Prbk.g_01586	Pran.g_01192
OG0001196	Prbk.g_01587	Pran.g_01193
OG0001197	Prbk.g_01588	Pran.g_01194
OG0001198	Prbk.g_01589	Pran.g_01195
OG0001199	Prbk.g_01590	Pran.g_01196
OG0001200	Prbk.g_01592	Pran.g_01197
OG0001201	Prbk.g_01593	Pran.g_01198
OG0001202	Prbk.g_01594	Pran.g_01199
OG0001203	Prbk.g_01596	Pran.g_01201
OG0001204	Prbk.g_01600	Pran.g_01202
OG0001205	Prbk.g_01602	Pran.g_01203
OG0001206	Prbk.g_01603	Pran.g_01204
OG0001207	Prbk.g_02160	Pran.g_01205
OG0001208	Prbk.g_02161	Pran.g_01206
OG0001209	Prbk.g_02162	Pran.g_01207
OG0001210	Prbk.g_02163	Pran.g_01208
OG0001211	Prbk.g_02165	Pran.g_01209
OG0001212	Prbk.g_02166	Pran.g_01210
OG0001213	Prbk.g_02167	Pran.g_01211
OG0001214	Prbk.g_02169	Pran.g_01213
OG0001215	Prbk.g_02171	Pran.g_01214
OG0001216	Prbk.g_02173	Pran.g_01215
OG0001217	Prbk.g_02174	Pran.g_01216
OG0001218	Prbk.g_02175	Pran.g_01217
OG0001219	Prbk.g_02180	Pran.g_01220
OG0001220	Prbk.g_02185	Pran.g_01221
OG0001221	Prbk.g_02207	Pran.g_01224
OG0001222	Prbk.g_02210	Pran.g_01225
OG0001223	Prbk.g_02211	Pran.g_01226
OG0001224	Prbk.g_02213	Pran.g_01227
OG0001225	Prbk.g_02214	Pran.g_01228
OG0001226	Prbk.g_02217	Pran.g_01229
OG0001227	Prbk.g_02218	Pran.g_01230
OG0001228	Prbk.g_02224	Pran.g_01231
OG0001229	Prbk.g_02225	Pran.g_01232
OG0001230	Prbk.g_02226	Pran.g_01233
OG0001231	Prbk.g_02239	Pran.g_01234
OG0001232	Prbk.g_02248	Pran.g_01235
OG0001233	Prbk.g_02249	Pran.g_01236
OG0001234	Prbk.g_02250	Pran.g_01237
OG0001235	Prbk.g_02251	Pran.g_01238
OG0001236	Prbk.g_02253	Pran.g_01240
OG0001237	Prbk.g_02254	Pran.g_01241
OG0001238	Prbk.g_02258	Pran.g_01243
OG0001239	Prbk.g_02260	Pran.g_01244
OG0001240	Prbk.g_02261	Pran.g_01245
OG0001241	Prbk.g_02265	Pran.g_01247
OG0001242	Prbk.g_02267	Pran.g_01249
OG0001243	Prbk.g_02268	Pran.g_01250
OG0001244	Prbk.g_02270	Pran.g_01251
OG0001245	Prbk.g_02272	Pran.g_01252
OG0001246	Prbk.g_02274	Pran.g_01253
OG0001247	Prbk.g_02275	Pran.g_01254
OG0001248	Prbk.g_02276	Pran.g_01255
OG0001249	Prbk.g_02277	Pran.g_01256
OG0001250	Prbk.g_02278	Pran.g_01257
OG0001252	Prbk.g_00557	Pran.g_00296
OG0001253	Prbk.g_00756	Pran.g_00282
OG0001254	Prbk.g_00418	Pran.g_01913
OG0001255	Prbk.g_00870	Pran.g_01861
OG0001256	Prbk.g_01851	Pran.g_00925
OG0001257	Prbk.g_02063	Pran.g_01696
OG0001258	Prbk.g_01861	Pran.g_01680
OG0001259	Prbk.g_01129	Pran.g_01588
OG0001261	Prbk.g_02531	Pran.g_01309
OG0001262	Prbk.g_02554	Pran.g_01293
OG0001264	Prbk.g_02395	Pran.g_00428
OG0001265	Prbk.g_00588	Pran.g_00544
OG0001266	Prbk.g_01682	Pran.g_00159
OG0001267	Prbk.g_01776	Pran.g_00076
OG0001268	Prbk.g_01021	Pran.g_00063
OG0001270	Prbk.g_02664	Pran.g_00693
OG0001271	Prbk.g_01999	Pran.g_00682
OG0001272	Prbk.g_01841	Pran.g_00638
OG0001273	Prbk.g_01059	Pran.g_00637
OG0001274	Prbk.g_01788	Pran.g_00632
OG0001275	Prbk.g_02082	Pran.g_00607
OG0001278	Prbk.g_00920	Pran.g_00962
OG0001279	Prbk.g_00915	Pran.g_00966
OG0001280	Prbk.g_00912	Pran.g_00969
OG0001281	Prbk.g_01908	Pran.g_01035
OG0001282	Prbk.g_00901	Pran.g_01060
OG0001283	Prbk.g_00524	Pran.g_01142
OG0001284	Prbk.g_01533	Pran.g_01170
OG0001286	Prbk.g_02263	Pran.g_01246
OG0001287	Prbk.g_01331, Prbk.g_02697	Pran.g_01804
OG0001288	Prbk.g_00327	Pran.g_01743
OG0001290	Prbk.g_01618	Pran.g_00394
OG0001291	Prbk.g_01317	Pran.g_00361
OG0001292	Prbk.g_01314	Pran.g_00358
OG0001293	Prbk.g_01312	Pran.g_00356
OG0001294	Prbk.g_00027	Pran.g_00340
OG0001295	Prbk.g_00200	Pran.g_00314
OG0001297	Prbk.g_01254	Pran.g_00233
OG0001298	Prbk.g_01013	Pran.g_01949
OG0001299	Prbk.g_01000	Pran.g_01940
OG0001300	Prbk.g_00303	Pran.g_01821
OG0001301	Prbk.g_02633	Pran.g_01541
OG0001303	Prbk.g_01205	Pran.g_01407
OG0001304	Prbk.g_00065	Pran.g_00559
OG0001306	Prbk.g_02247	Pran.g_00152
OG0001307	Prbk.g_02413	Pran.g_00142
OG0001308	Prbk.g_01664	Pran.g_00117
OG0001309	Prbk.g_01601	Pran.g_00115
OG0001310	Prbk.g_01692	Pran.g_00105
OG0001311	Prbk.g_00134	Pran.g_00032
OG0001313	Prbk.g_01637	Pran.g_00634
OG0001314	Prbk.g_01433	Pran.g_00993
OG0001315	Prbk.g_01382	Pran.g_01027
OG0001320	Prbk.g_01098	Pran.g_01711
OG0001324	Prbk.g_02659	Pran.g_00134
OG0001328	Prbk.g_01177	Pran.g_00871
OG0001329	Prbk.g_02256	Pran.g_00820
OG0001331	Prbk.g_00914	Pran.g_00967
OG0001332	Prbk.g_01406	Pran.g_01016
OG0001333	Prbk.g_00802	Pran.g_01109
OG0001335	Prbk.g_01595	Pran.g_01200
OG0001337	Prbk.g_00198	Pran.g_00315
OG0001339	Prbk.g_01250	Pran.g_00229
OG0001340	Prbk.g_01007	Pran.g_01944
OG0001341	Prbk.g_00381	Pran.g_01932
OG0001342	Prbk.g_00417	Pran.g_01914
OG0001343	Prbk.g_00877	Pran.g_01856
OG0001344	Prbk.g_00707	Pran.g_01817
OG0001345	Prbk.g_00330	Pran.g_01746
OG0001346	Prbk.g_02110	Pran.g_01706
OG0001347	Prbk.g_02067	Pran.g_01692
OG0001348	Prbk.g_01044	Pran.g_01674
OG0001350	Prbk.g_01053	Pran.g_01664
OG0001351	Prbk.g_01114	Pran.g_01601
OG0001353	Prbk.g_00651	Pran.g_01473
OG0001355	Prbk.g_02538	Pran.g_01303
OG0001357	Prbk.g_00570	Pran.g_00515
OG0001358	Prbk.g_00587	Pran.g_00543
OG0001361	Prbk.g_00176	Pran.g_00010
OG0001362	Prbk.g_01933	Pran.g_00609
OG0001366	Prbk.g_01416	Pran.g_01007
OG0001367	Prbk.g_00834, Prbk.g_00821	Pran.g_01050
OG0001368	Prbk.g_01532	Pran.g_01169
OG0001369	Prbk.g_00589	Pran.g_00545
OG0001375	Prbk.g_00553	Pran.g_00299
OG0001378	Prbk.g_00407	Pran.g_01921
OG0001380	Prbk.g_01039	Pran.g_00927
OG0001384	Prbk.g_01062	Pran.g_01659
OG0001396	Prbk.g_02365	Pran.g_01434
OG0001410	Prbk.g_00671	Pran.g_00604
OG0001412	Prbk.g_02354	Pran.g_00468
OG0001413	Prbk.g_01462, Prbk.g_01351, Prbk.g_02675, Prbk.g_01732	Pran.g_00949
OG0001415	Prbk.g_00852	Pran.g_01868
OG0001416	Prbk.g_01064	Pran.g_01657
OG0001425	Prbk.g_00623	Pran.g_00618
OG0001426	Prbk.g_02257	Pran.g_01242
OG0001429	Prbk.g_02308	Pran.g_00497
OG0001430	Prbk.g_01656	Pran.g_00536
OG0001436	Prbk.g_02191	Pran.g_01390
OG0001438	Prbk.g_02607	Pran.g_01558
OG0001439	Prbk.g_02529	Pran.g_01311
OG0001442	Prbk.g_01661	Pran.g_00101
OG0001448	Prbk.g_01694	Pran.g_00596
OG0001451	Prbk.g_02679, Prbk.g_01945	Pran.g_01777
OG0001452	Prbk.g_02177	Pran.g_01219
OG0001456	Prbk.g_01128	Pran.g_01589
OG0001466	Prbk.g_00625	Pran.g_01414
OG0001467	Prbk.g_00256	Pran.g_00736
OG0001470	Prbk.g_00469	Pran.g_01874
OG0001471	Prbk.g_02513	Pran.g_01757
OG0001474	Prbk.g_02227	Pran.g_00180
OG0001475	Prbk.g_02184	Pran.g_00174
OG0001476	Prbk.g_02183	Pran.g_00173
OG0001477	Prbk.g_02182	Pran.g_00172
OG0001478	Prbk.g_01771	Pran.g_00166
OG0001479	Prbk.g_00123	Pran.g_00139
OG0001480	Prbk.g_00337	Pran.g_00130
OG0001481	Prbk.g_00102	Pran.g_00044
OG0001483	Prbk.g_01191	Pran.g_00882
OG0001486	Prbk.g_02441	Pran.g_00448
OG0001493	Prbk.g_02228	Pran.g_00181
OG0001494	Prbk.g_02229	Pran.g_00182
OG0001495	Prbk.g_02230	Pran.g_00183
OG0001496	Prbk.g_02231	Pran.g_00184
OG0001497	Prbk.g_02232	Pran.g_00185
OG0001498	Prbk.g_02233	Pran.g_00186
OG0001499	Prbk.g_02234	Pran.g_00187
OG0001500	Prbk.g_02235	Pran.g_00188
OG0001501	Prbk.g_02236	Pran.g_00189
OG0001502	Prbk.g_02237	Pran.g_00190
OG0001503	Prbk.g_02238	Pran.g_00191
OG0001504	Prbk.g_02437	Pran.g_00444
OG0001508	Prbk.g_02665	Pran.g_00629
OG0001513	Prbk.g_00013, Prbk.g_01932	Pran.g_00328
OG0001525	Prbk.g_01180	Pran.g_01719
OG0001532	Prbk.g_01611	Pran.g_00390
OG0001542	Prbk.g_01476	Pran.g_00624
OG0001574	Prbk.g_01332	Pran.g_01768
OG0001587	Prbk.g_00296	Pran.g_00916
OG0001588	Prbk.g_00922	Pran.g_00595
OG0001590	Prbk.g_00432	Pran.g_01901
OG0001592	Prbk.g_01465	Pran.g_01794
OG0001606	Prbk.g_00878	Pran.g_01855
OG0001709	Prbk.g_02058, Prbk.g_01286	Pran.g_01399
OG0001795	Prbk.g_01878	Pran.g_01615
OG0001822	Prbk.g_00414	Pran.g_00789
OG0001915	Prbk.g_00710	Pran.g_00610
OG0001955	Prbk.g_01759	Pran.g_01785
OG0002132	Prbk.g_00540	Pran.g_00818
