Orthogroup	Prad	Prat
OG0000000	Prad.g_00601	Prat.g_00977
OG0000000	Prad.g_01252	Prat.g_00751, Prat.g_01184, Prat.g_01487, Prat.g_01182, Prat.g_01187, Prat.g_01462
OG0000001	Prad.g_01297	Prat.g_01549
OG0000002	Prad.g_00609	Prat.g_01285, Prat.g_01286
OG0000002	Prad.g_01434, Prad.g_01994	Prat.g_00851
OG0000003	Prad.g_00350	Prat.g_01190
OG0000004	Prad.g_01075, Prad.g_01082, Prad.g_00345	Prat.g_00824
OG0000006	Prad.g_00132	Prat.g_00458
OG0000006	Prad.g_00941	Prat.g_01592
OG0000009	Prad.g_01125	Prat.g_01180
OG0000009	Prad.g_01742	Prat.g_00255
OG0000010	Prad.g_00650, Prad.g_00330	Prat.g_00634
OG0000011	Prad.g_00683	Prat.g_00374
OG0000012	Prad.g_01387	Prat.g_00560, Prat.g_00567
OG0000013	Prad.g_01108	Prat.g_00701
OG0000014	Prad.g_00353, Prad.g_01298	Prat.g_01474, Prat.g_01548
OG0000015	Prad.g_00728, Prad.g_00951	Prat.g_00615, Prat.g_01580, Prat.g_00639
OG0000016	Prad.g_00598	Prat.g_00647, Prat.g_01452
OG0000018	Prad.g_01750	Prat.g_00248
OG0000019	Prad.g_01981	Prat.g_00461
OG0000020	Prad.g_00735	Prat.g_00278
OG0000022	Prad.g_00352	Prat.g_01191
OG0000023	Prad.g_00317	Prat.g_01451
OG0000024	Prad.g_01685	Prat.g_00314, Prat.g_01267
OG0000025	Prad.g_00985	Prat.g_00685
OG0000026	Prad.g_00081	Prat.g_01516
OG0000028	Prad.g_00515	Prat.g_01353, Prat.g_01352
OG0000029	Prad.g_00400, Prad.g_00952	Prat.g_01400
OG0000030	Prad.g_01995, Prad.g_00073	Prat.g_01473
OG0000033	Prad.g_01973	Prat.g_00014, Prat.g_01219
OG0000034	Prad.g_00571	Prat.g_00058
OG0000035	Prad.g_00258	Prat.g_00657
OG0000036	Prad.g_01374	Prat.g_01507
OG0000037	Prad.g_01412	Prat.g_00586
OG0000038	Prad.g_01105	Prat.g_01192, Prat.g_01448
OG0000039	Prad.g_01825	Prat.g_00166
OG0000040	Prad.g_00751	Prat.g_00834
OG0000042	Prad.g_01049	Prat.g_00788
OG0000043	Prad.g_01130	Prat.g_00856
OG0000044	Prad.g_01496	Prat.g_01156
OG0000045	Prad.g_00565	Prat.g_01311
OG0000046	Prad.g_00948	Prat.g_01584
OG0000047	Prad.g_01631	Prat.g_01788
OG0000048	Prad.g_01624	Prat.g_01796
OG0000050	Prad.g_01955	Prat.g_00033
OG0000051	Prad.g_01834	Prat.g_00157
OG0000052	Prad.g_00739	Prat.g_00637
OG0000053	Prad.g_00090	Prat.g_01499
OG0000054	Prad.g_01099	Prat.g_01503
OG0000055	Prad.g_01168	Prat.g_01014
OG0000056	Prad.g_00657	Prat.g_01463, Prat.g_00666
OG0000057	Prad.g_01754, Prad.g_00965	Prat.g_00242
OG0000058	Prad.g_00032	Prat.g_00434
OG0000059	Prad.g_01272	Prat.g_00775
OG0000062	Prad.g_01989	Prat.g_01561, Prat.g_01495
OG0000063	Prad.g_01214	Prat.g_01129
OG0000065	Prad.g_00628	Prat.g_01249
OG0000066	Prad.g_00564	Prat.g_00344
OG0000067	Prad.g_01212, Prad.g_01218	Prat.g_01532
OG0000068	Prad.g_00807	Prat.g_01726
OG0000069	Prad.g_00561	Prat.g_01394
OG0000071	Prad.g_01975	Prat.g_00012, Prat.g_00011
OG0000072	Prad.g_01669	Prat.g_00329
OG0000073	Prad.g_01243	Prat.g_01054
OG0000074	Prad.g_01265	Prat.g_00765
OG0000075	Prad.g_01153	Prat.g_01030
OG0000076	Prad.g_01018	Prat.g_00965
OG0000078	Prad.g_00566	Prat.g_01312
OG0000079	Prad.g_00436	Prat.g_01442
OG0000080	Prad.g_00383	Prat.g_01539
OG0000081	Prad.g_00777	Prat.g_01759
OG0000082	Prad.g_01570	Prat.g_01853
OG0000083	Prad.g_01533	Prat.g_00003
OG0000084	Prad.g_01530	Prat.g_00006
OG0000085	Prad.g_01963	Prat.g_01314, Prat.g_00024
OG0000086	Prad.g_00675	Prat.g_00614
OG0000087	Prad.g_01937	Prat.g_00054
OG0000088	Prad.g_00011	Prat.g_00112
OG0000089	Prad.g_01872	Prat.g_00121
OG0000090	Prad.g_01854	Prat.g_00138
OG0000091	Prad.g_01822	Prat.g_00170
OG0000092	Prad.g_01821	Prat.g_00171
OG0000093	Prad.g_01807	Prat.g_00185
OG0000094	Prad.g_01789	Prat.g_00204
OG0000095	Prad.g_01784	Prat.g_00209
OG0000096	Prad.g_01740	Prat.g_00257
OG0000097	Prad.g_01717	Prat.g_00281
OG0000098	Prad.g_01707	Prat.g_00292
OG0000099	Prad.g_01697	Prat.g_00302
OG0000100	Prad.g_01694	Prat.g_00305
OG0000101	Prad.g_00754	Prat.g_00372
OG0000102	Prad.g_00727	Prat.g_01477
OG0000103	Prad.g_00031	Prat.g_00435
OG0000104	Prad.g_00027	Prat.g_00440
OG0000105	Prad.g_00130	Prat.g_00462
OG0000106	Prad.g_00097	Prat.g_00494
OG0000107	Prad.g_00096	Prat.g_00495
OG0000108	Prad.g_01333	Prat.g_00504
OG0000109	Prad.g_01342	Prat.g_00514, Prat.g_00513
OG0000110	Prad.g_01358	Prat.g_00532
OG0000111	Prad.g_01225	Prat.g_01073
OG0000112	Prad.g_01226	Prat.g_01072
OG0000113	Prad.g_01071	Prat.g_00815
OG0000114	Prad.g_01144	Prat.g_01039
OG0000115	Prad.g_00186	Prat.g_00896
OG0000116	Prad.g_00182	Prat.g_00900
OG0000117	Prad.g_01021	Prat.g_00962
OG0000118	Prad.g_00972	Prat.g_01208
OG0000119	Prad.g_01526	Prat.g_01557
OG0000120	Prad.g_01490	Prat.g_01150
OG0000121	Prad.g_01471, Prad.g_01470	Prat.g_01127
OG0000122	Prad.g_01451	Prat.g_01107
OG0000123	Prad.g_01438	Prat.g_00595
OG0000124	Prad.g_00076	Prat.g_01509
OG0000125	Prad.g_00616	Prat.g_01261
OG0000126	Prad.g_00594	Prat.g_01291
OG0000127	Prad.g_00528	Prat.g_01338
OG0000128	Prad.g_00514	Prat.g_01354
OG0000129	Prad.g_00477	Prat.g_01392
OG0000130	Prad.g_00943	Prat.g_01589
OG0000131	Prad.g_00905	Prat.g_01377, Prat.g_01628
OG0000132	Prad.g_00902	Prat.g_01631
OG0000133	Prad.g_00848	Prat.g_01685
OG0000134	Prad.g_00812	Prat.g_01720
OG0000135	Prad.g_00810	Prat.g_01722
OG0000136	Prad.g_00766	Prat.g_01771
OG0000136	Prad.g_01294	Prat.g_01771
OG0000137	Prad.g_01615	Prat.g_01806
OG0000138	Prad.g_01580	Prat.g_01841
OG0000139	Prad.g_01553	Prat.g_01873
OG0000140	Prad.g_01535	Prat.g_00001
OG0000141	Prad.g_01534	Prat.g_00002
OG0000142	Prad.g_01532	Prat.g_00004
OG0000143	Prad.g_01531	Prat.g_00005
OG0000144	Prad.g_01529	Prat.g_00007
OG0000145	Prad.g_01528	Prat.g_00008
OG0000146	Prad.g_01527	Prat.g_00009
OG0000147	Prad.g_01976	Prat.g_00010
OG0000148	Prad.g_01974	Prat.g_00013
OG0000149	Prad.g_01972	Prat.g_00015
OG0000150	Prad.g_01971	Prat.g_00016
OG0000151	Prad.g_01970	Prat.g_00017
OG0000152	Prad.g_01969	Prat.g_00018
OG0000153	Prad.g_01968	Prat.g_00019
OG0000154	Prad.g_01967	Prat.g_00020
OG0000155	Prad.g_01966	Prat.g_00021
OG0000156	Prad.g_01965	Prat.g_00022
OG0000157	Prad.g_01964	Prat.g_00023
OG0000158	Prad.g_01962	Prat.g_00025
OG0000159	Prad.g_01961	Prat.g_00026
OG0000160	Prad.g_01960	Prat.g_00027
OG0000161	Prad.g_01959	Prat.g_00028
OG0000162	Prad.g_01958	Prat.g_00029
OG0000163	Prad.g_01957	Prat.g_00031
OG0000164	Prad.g_01954	Prat.g_00034
OG0000165	Prad.g_01951	Prat.g_00036
OG0000166	Prad.g_01950	Prat.g_00037
OG0000167	Prad.g_01949	Prat.g_00038
OG0000168	Prad.g_01947	Prat.g_00042
OG0000169	Prad.g_01945	Prat.g_00044
OG0000170	Prad.g_01944	Prat.g_00046
OG0000171	Prad.g_01943	Prat.g_00047
OG0000172	Prad.g_01941	Prat.g_00048
OG0000173	Prad.g_01940	Prat.g_00051
OG0000174	Prad.g_01939	Prat.g_00052
OG0000175	Prad.g_01938	Prat.g_00053
OG0000176	Prad.g_01936	Prat.g_00055
OG0000177	Prad.g_01935	Prat.g_00056
OG0000178	Prad.g_01934	Prat.g_00057
OG0000179	Prad.g_01929	Prat.g_00060
OG0000180	Prad.g_01928	Prat.g_00061
OG0000181	Prad.g_01927	Prat.g_00062
OG0000182	Prad.g_01924	Prat.g_00066
OG0000183	Prad.g_01923	Prat.g_00067
OG0000184	Prad.g_01920	Prat.g_00070
OG0000185	Prad.g_01916	Prat.g_00074
OG0000186	Prad.g_01915	Prat.g_00075
OG0000187	Prad.g_01914	Prat.g_01504
OG0000188	Prad.g_01913	Prat.g_00076
OG0000189	Prad.g_01912	Prat.g_00079
OG0000190	Prad.g_01911	Prat.g_00080
OG0000191	Prad.g_01910	Prat.g_00081
OG0000192	Prad.g_01909	Prat.g_00082
OG0000193	Prad.g_01908	Prat.g_00083
OG0000194	Prad.g_01907	Prat.g_00084
OG0000195	Prad.g_01905	Prat.g_00086
OG0000196	Prad.g_01904	Prat.g_00087
OG0000197	Prad.g_01903	Prat.g_00088
OG0000198	Prad.g_01902	Prat.g_00089
OG0000199	Prad.g_01899	Prat.g_00091
OG0000200	Prad.g_01898	Prat.g_00092
OG0000201	Prad.g_01897	Prat.g_00093
OG0000202	Prad.g_01896	Prat.g_00094
OG0000203	Prad.g_01895	Prat.g_00095
OG0000204	Prad.g_01894	Prat.g_00096
OG0000205	Prad.g_01893	Prat.g_00098
OG0000206	Prad.g_01892	Prat.g_00099
OG0000207	Prad.g_01891	Prat.g_00100
OG0000208	Prad.g_01890	Prat.g_00101
OG0000209	Prad.g_01889	Prat.g_00102
OG0000210	Prad.g_01887	Prat.g_00103
OG0000211	Prad.g_01886	Prat.g_00104
OG0000212	Prad.g_01885	Prat.g_00105
OG0000213	Prad.g_01884	Prat.g_00106
OG0000214	Prad.g_01882	Prat.g_00110
OG0000215	Prad.g_01881	Prat.g_00111
OG0000216	Prad.g_01879	Prat.g_00113
OG0000217	Prad.g_01878	Prat.g_00114
OG0000218	Prad.g_01877	Prat.g_00115
OG0000219	Prad.g_01876	Prat.g_00116
OG0000220	Prad.g_01873	Prat.g_00118
OG0000221	Prad.g_01871	Prat.g_00122
OG0000222	Prad.g_01870	Prat.g_00123
OG0000223	Prad.g_01869	Prat.g_00124
OG0000224	Prad.g_01866	Prat.g_00126
OG0000225	Prad.g_01864	Prat.g_00128
OG0000226	Prad.g_01863	Prat.g_00130
OG0000227	Prad.g_01862	Prat.g_00131
OG0000228	Prad.g_01861	Prat.g_00132
OG0000229	Prad.g_01860	Prat.g_00133
OG0000230	Prad.g_01859	Prat.g_00134
OG0000231	Prad.g_01857	Prat.g_00601
OG0000232	Prad.g_01856	Prat.g_00136
OG0000233	Prad.g_01853	Prat.g_00139
OG0000234	Prad.g_01851	Prat.g_00141
OG0000235	Prad.g_01846	Prat.g_00144
OG0000236	Prad.g_01845	Prat.g_00145
OG0000237	Prad.g_01844	Prat.g_00146
OG0000238	Prad.g_01843	Prat.g_00147
OG0000239	Prad.g_01842	Prat.g_00148
OG0000240	Prad.g_01840	Prat.g_00150
OG0000241	Prad.g_01839	Prat.g_00151
OG0000242	Prad.g_01838	Prat.g_00152
OG0000243	Prad.g_01837	Prat.g_00153
OG0000244	Prad.g_01836	Prat.g_00154
OG0000245	Prad.g_01835	Prat.g_00156
OG0000246	Prad.g_01833	Prat.g_00158
OG0000247	Prad.g_01832	Prat.g_00159
OG0000248	Prad.g_01831	Prat.g_00160
OG0000249	Prad.g_01830	Prat.g_00161
OG0000250	Prad.g_01829	Prat.g_00162
OG0000251	Prad.g_01828	Prat.g_00163
OG0000252	Prad.g_01827	Prat.g_00164
OG0000253	Prad.g_01826	Prat.g_00165
OG0000254	Prad.g_01824	Prat.g_00167
OG0000255	Prad.g_01823	Prat.g_00169
OG0000256	Prad.g_01820	Prat.g_00172
OG0000257	Prad.g_01818	Prat.g_00174
OG0000258	Prad.g_01817	Prat.g_00175
OG0000259	Prad.g_01816	Prat.g_00176
OG0000260	Prad.g_01815	Prat.g_00177
OG0000261	Prad.g_01814	Prat.g_00178
OG0000262	Prad.g_01813	Prat.g_00179
OG0000263	Prad.g_01812	Prat.g_00180
OG0000264	Prad.g_01810	Prat.g_00182
OG0000265	Prad.g_01809	Prat.g_00183
OG0000266	Prad.g_01808	Prat.g_00184
OG0000267	Prad.g_01806	Prat.g_00186
OG0000268	Prad.g_01805	Prat.g_00188
OG0000269	Prad.g_01804	Prat.g_00189
OG0000270	Prad.g_01803	Prat.g_00190
OG0000271	Prad.g_01802	Prat.g_00191
OG0000272	Prad.g_01801	Prat.g_00192
OG0000273	Prad.g_01800	Prat.g_00193
OG0000274	Prad.g_01799	Prat.g_00194
OG0000275	Prad.g_01798	Prat.g_00195
OG0000276	Prad.g_01797	Prat.g_00196
OG0000277	Prad.g_01796	Prat.g_00197
OG0000278	Prad.g_01795	Prat.g_00198
OG0000279	Prad.g_01794	Prat.g_00199
OG0000280	Prad.g_01793	Prat.g_00200
OG0000281	Prad.g_01791	Prat.g_00202
OG0000282	Prad.g_01790	Prat.g_00203
OG0000283	Prad.g_01787	Prat.g_00206
OG0000284	Prad.g_01786	Prat.g_00207
OG0000285	Prad.g_01785	Prat.g_00208
OG0000286	Prad.g_01783	Prat.g_00210
OG0000287	Prad.g_01782	Prat.g_00211
OG0000288	Prad.g_01781	Prat.g_00212
OG0000289	Prad.g_01780	Prat.g_00213
OG0000290	Prad.g_01779	Prat.g_00214
OG0000291	Prad.g_01778	Prat.g_00215
OG0000292	Prad.g_01777	Prat.g_00216
OG0000293	Prad.g_01776	Prat.g_00217
OG0000294	Prad.g_01775	Prat.g_00218
OG0000295	Prad.g_01774	Prat.g_00219
OG0000296	Prad.g_01773	Prat.g_00220
OG0000297	Prad.g_01772	Prat.g_00221
OG0000298	Prad.g_01771	Prat.g_00222
OG0000299	Prad.g_01770	Prat.g_00223
OG0000300	Prad.g_01769	Prat.g_00224
OG0000301	Prad.g_01768	Prat.g_00225
OG0000302	Prad.g_01767	Prat.g_00226
OG0000303	Prad.g_01766	Prat.g_00227
OG0000304	Prad.g_01765	Prat.g_00229
OG0000305	Prad.g_01764	Prat.g_00230
OG0000306	Prad.g_01763	Prat.g_00231
OG0000307	Prad.g_01762	Prat.g_00233
OG0000308	Prad.g_01761	Prat.g_00234
OG0000309	Prad.g_01760	Prat.g_00235
OG0000310	Prad.g_01759	Prat.g_00236
OG0000311	Prad.g_01758	Prat.g_00238
OG0000312	Prad.g_01756	Prat.g_00240
OG0000313	Prad.g_01755	Prat.g_00241
OG0000314	Prad.g_01752	Prat.g_00245
OG0000315	Prad.g_01751	Prat.g_00246
OG0000316	Prad.g_01749	Prat.g_00249
OG0000317	Prad.g_01747	Prat.g_00250
OG0000318	Prad.g_01746	Prat.g_00251
OG0000319	Prad.g_01745	Prat.g_00252
OG0000320	Prad.g_01744	Prat.g_00253
OG0000321	Prad.g_01741	Prat.g_00256
OG0000322	Prad.g_01738	Prat.g_00260
OG0000323	Prad.g_01737	Prat.g_00261
OG0000324	Prad.g_01734	Prat.g_00264
OG0000325	Prad.g_01732	Prat.g_00266
OG0000326	Prad.g_01731	Prat.g_00267
OG0000327	Prad.g_01729	Prat.g_00269
OG0000328	Prad.g_01728	Prat.g_00270
OG0000329	Prad.g_01727	Prat.g_00271
OG0000330	Prad.g_01726	Prat.g_00272
OG0000331	Prad.g_01725	Prat.g_00273
OG0000332	Prad.g_01724	Prat.g_00274
OG0000333	Prad.g_01723	Prat.g_00275
OG0000334	Prad.g_01722	Prat.g_00276
OG0000335	Prad.g_01721	Prat.g_00277
OG0000336	Prad.g_01720	Prat.g_00279
OG0000337	Prad.g_01716	Prat.g_00282
OG0000338	Prad.g_01715	Prat.g_00283
OG0000339	Prad.g_01714	Prat.g_00284
OG0000340	Prad.g_01713	Prat.g_00285
OG0000341	Prad.g_01709	Prat.g_00290
OG0000342	Prad.g_01708	Prat.g_00291
OG0000343	Prad.g_01706	Prat.g_00293
OG0000344	Prad.g_01705	Prat.g_00294
OG0000345	Prad.g_01704	Prat.g_00295
OG0000346	Prad.g_01703	Prat.g_00296
OG0000347	Prad.g_01702	Prat.g_00297
OG0000348	Prad.g_01701	Prat.g_00298
OG0000349	Prad.g_01700	Prat.g_00299
OG0000350	Prad.g_01699	Prat.g_00300
OG0000351	Prad.g_01696	Prat.g_00303
OG0000352	Prad.g_01693	Prat.g_00306
OG0000353	Prad.g_01692	Prat.g_00307
OG0000354	Prad.g_01691	Prat.g_00308
OG0000355	Prad.g_01690	Prat.g_00309
OG0000356	Prad.g_01689	Prat.g_00310
OG0000357	Prad.g_01688	Prat.g_00311
OG0000358	Prad.g_01687	Prat.g_00312
OG0000359	Prad.g_01686	Prat.g_00313
OG0000360	Prad.g_01683	Prat.g_00315
OG0000361	Prad.g_01682	Prat.g_00316
OG0000362	Prad.g_01681	Prat.g_00317
OG0000363	Prad.g_01680	Prat.g_00318
OG0000364	Prad.g_01679	Prat.g_00319
OG0000365	Prad.g_01678	Prat.g_00320
OG0000366	Prad.g_01677	Prat.g_00321
OG0000367	Prad.g_01676	Prat.g_00322
OG0000368	Prad.g_01675	Prat.g_00323
OG0000369	Prad.g_01674	Prat.g_00324
OG0000370	Prad.g_01673	Prat.g_00325
OG0000371	Prad.g_01672	Prat.g_00326
OG0000372	Prad.g_01670	Prat.g_00328
OG0000373	Prad.g_01668	Prat.g_00330
OG0000374	Prad.g_01667	Prat.g_00331
OG0000375	Prad.g_01666	Prat.g_00332
OG0000376	Prad.g_01664	Prat.g_00334
OG0000377	Prad.g_01663	Prat.g_00340
OG0000378	Prad.g_01662	Prat.g_00341
OG0000379	Prad.g_01657	Prat.g_00348
OG0000380	Prad.g_01656	Prat.g_00350
OG0000381	Prad.g_01655	Prat.g_00351
OG0000382	Prad.g_01653	Prat.g_00352
OG0000383	Prad.g_01650	Prat.g_00355
OG0000384	Prad.g_01649	Prat.g_00356
OG0000385	Prad.g_01646	Prat.g_00359
OG0000386	Prad.g_01645	Prat.g_00360
OG0000387	Prad.g_01644	Prat.g_00361
OG0000388	Prad.g_01643	Prat.g_00362
OG0000389	Prad.g_01642	Prat.g_00363
OG0000390	Prad.g_00761	Prat.g_00364
OG0000391	Prad.g_00760	Prat.g_00365
OG0000392	Prad.g_00759	Prat.g_00366
OG0000393	Prad.g_00756	Prat.g_00369
OG0000394	Prad.g_00755	Prat.g_00370
OG0000395	Prad.g_00753	Prat.g_00373
OG0000396	Prad.g_00752	Prat.g_00985
OG0000397	Prad.g_00738	Prat.g_01203
OG0000398	Prad.g_00730	Prat.g_01469
OG0000399	Prad.g_00729	Prat.g_00671
OG0000400	Prad.g_00724	Prat.g_01656
OG0000401	Prad.g_00671	Prat.g_00390
OG0000402	Prad.g_00670	Prat.g_00391
OG0000403	Prad.g_00669	Prat.g_00392
OG0000404	Prad.g_00667	Prat.g_00395
OG0000405	Prad.g_00666	Prat.g_00396
OG0000406	Prad.g_00069	Prat.g_00398
OG0000407	Prad.g_00068	Prat.g_00399
OG0000408	Prad.g_00067	Prat.g_00400
OG0000409	Prad.g_00066	Prat.g_00401
OG0000410	Prad.g_00065	Prat.g_00403
OG0000411	Prad.g_00064	Prat.g_00404
OG0000412	Prad.g_00063	Prat.g_00405
OG0000413	Prad.g_00062	Prat.g_00406
OG0000414	Prad.g_00061	Prat.g_00407
OG0000415	Prad.g_00060	Prat.g_00408
OG0000416	Prad.g_00059	Prat.g_00410
OG0000417	Prad.g_00058	Prat.g_00411
OG0000418	Prad.g_00057	Prat.g_00412
OG0000419	Prad.g_00056	Prat.g_00413
OG0000420	Prad.g_00055	Prat.g_00414
OG0000421	Prad.g_00054	Prat.g_00415
OG0000422	Prad.g_00052	Prat.g_00417
OG0000423	Prad.g_00051	Prat.g_00418
OG0000424	Prad.g_00049	Prat.g_00419
OG0000425	Prad.g_00045	Prat.g_00424
OG0000426	Prad.g_00044	Prat.g_00425
OG0000427	Prad.g_00043	Prat.g_00426
OG0000428	Prad.g_00042	Prat.g_00428
OG0000429	Prad.g_00041	Prat.g_00429
OG0000430	Prad.g_00036	Prat.g_00430
OG0000431	Prad.g_00034	Prat.g_00432
OG0000432	Prad.g_00033	Prat.g_00433
OG0000433	Prad.g_00030	Prat.g_00436
OG0000434	Prad.g_00029	Prat.g_00438
OG0000435	Prad.g_00028	Prat.g_00439
OG0000436	Prad.g_00026	Prat.g_00441
OG0000437	Prad.g_00024	Prat.g_00443
OG0000438	Prad.g_00023	Prat.g_00444
OG0000439	Prad.g_00022	Prat.g_00445
OG0000440	Prad.g_00020	Prat.g_00447
OG0000441	Prad.g_00019	Prat.g_00448
OG0000442	Prad.g_00018	Prat.g_00449
OG0000443	Prad.g_00017	Prat.g_00450
OG0000444	Prad.g_00016	Prat.g_00451
OG0000445	Prad.g_00015	Prat.g_00453
OG0000446	Prad.g_00014	Prat.g_00454
OG0000447	Prad.g_00013	Prat.g_00455
OG0000448	Prad.g_00012	Prat.g_00456
OG0000449	Prad.g_00129	Prat.g_00463
OG0000450	Prad.g_00128	Prat.g_00464
OG0000451	Prad.g_00127	Prat.g_00465
OG0000452	Prad.g_00126	Prat.g_00466
OG0000453	Prad.g_00124	Prat.g_00468
OG0000454	Prad.g_00123	Prat.g_00469
OG0000455	Prad.g_00122	Prat.g_00470
OG0000456	Prad.g_00121	Prat.g_00471
OG0000457	Prad.g_00119	Prat.g_00473
OG0000458	Prad.g_00117	Prat.g_00475
OG0000459	Prad.g_00116	Prat.g_00476
OG0000460	Prad.g_00114	Prat.g_00478
OG0000461	Prad.g_00113	Prat.g_00479
OG0000462	Prad.g_00112	Prat.g_00480
OG0000463	Prad.g_00111	Prat.g_00482
OG0000464	Prad.g_00106	Prat.g_00486
OG0000465	Prad.g_00104	Prat.g_00487
OG0000466	Prad.g_00103	Prat.g_00488
OG0000467	Prad.g_00102	Prat.g_00489
OG0000468	Prad.g_00101	Prat.g_00490
OG0000469	Prad.g_00100	Prat.g_00491
OG0000470	Prad.g_00099	Prat.g_00492
OG0000471	Prad.g_00098	Prat.g_00493
OG0000472	Prad.g_00095	Prat.g_00496
OG0000473	Prad.g_00094	Prat.g_00497
OG0000474	Prad.g_00093	Prat.g_00498
OG0000475	Prad.g_00092	Prat.g_00499
OG0000476	Prad.g_00091	Prat.g_00500
OG0000477	Prad.g_01330	Prat.g_00501
OG0000478	Prad.g_01331	Prat.g_00502
OG0000479	Prad.g_01332	Prat.g_00503
OG0000480	Prad.g_01334	Prat.g_00505
OG0000481	Prad.g_01335	Prat.g_00506
OG0000482	Prad.g_01336	Prat.g_00507
OG0000483	Prad.g_01337	Prat.g_00508
OG0000484	Prad.g_01338	Prat.g_00509
OG0000485	Prad.g_01339	Prat.g_00510
OG0000486	Prad.g_01340	Prat.g_00511
OG0000487	Prad.g_01341	Prat.g_00512
OG0000488	Prad.g_01343	Prat.g_00515
OG0000489	Prad.g_01344	Prat.g_00516
OG0000490	Prad.g_01345	Prat.g_00517
OG0000491	Prad.g_01346	Prat.g_00518
OG0000492	Prad.g_01347	Prat.g_00519
OG0000493	Prad.g_01348	Prat.g_00520
OG0000494	Prad.g_01350	Prat.g_00522
OG0000495	Prad.g_01351	Prat.g_00523
OG0000496	Prad.g_01352	Prat.g_00525
OG0000497	Prad.g_01353	Prat.g_00527
OG0000498	Prad.g_01354	Prat.g_00528
OG0000499	Prad.g_01356	Prat.g_00530
OG0000500	Prad.g_01357	Prat.g_00531
OG0000501	Prad.g_01359	Prat.g_00533
OG0000502	Prad.g_01360	Prat.g_00534
OG0000503	Prad.g_01361	Prat.g_00536
OG0000504	Prad.g_01362	Prat.g_00537
OG0000505	Prad.g_01363	Prat.g_00538
OG0000506	Prad.g_01364	Prat.g_00539
OG0000507	Prad.g_01365	Prat.g_00540
OG0000508	Prad.g_01367	Prat.g_00542
OG0000509	Prad.g_01368	Prat.g_00543
OG0000510	Prad.g_01369	Prat.g_00544
OG0000511	Prad.g_01370	Prat.g_00545
OG0000512	Prad.g_01371	Prat.g_00546
OG0000513	Prad.g_01372	Prat.g_00547
OG0000514	Prad.g_01373	Prat.g_00548
OG0000515	Prad.g_01375	Prat.g_00549
OG0000516	Prad.g_01376	Prat.g_00550
OG0000517	Prad.g_01377	Prat.g_00551
OG0000518	Prad.g_01380	Prat.g_00553
OG0000519	Prad.g_01381	Prat.g_00554
OG0000520	Prad.g_01382	Prat.g_00555
OG0000521	Prad.g_01383	Prat.g_00556
OG0000522	Prad.g_01384	Prat.g_00557
OG0000523	Prad.g_01385	Prat.g_00558
OG0000524	Prad.g_01386	Prat.g_00559
OG0000525	Prad.g_01388	Prat.g_00561
OG0000526	Prad.g_01389	Prat.g_00562
OG0000527	Prad.g_01390	Prat.g_00563
OG0000528	Prad.g_01391	Prat.g_00564
OG0000529	Prad.g_01392	Prat.g_00565
OG0000530	Prad.g_01393	Prat.g_00566
OG0000531	Prad.g_01394	Prat.g_00568
OG0000532	Prad.g_01395	Prat.g_00569
OG0000533	Prad.g_01396	Prat.g_00570
OG0000534	Prad.g_01397	Prat.g_00571
OG0000535	Prad.g_01398	Prat.g_00572
OG0000536	Prad.g_01399	Prat.g_00573
OG0000537	Prad.g_01400	Prat.g_00574
OG0000538	Prad.g_01401	Prat.g_00575
OG0000539	Prad.g_01402	Prat.g_00576
OG0000540	Prad.g_01403	Prat.g_00577
OG0000541	Prad.g_01404	Prat.g_00579
OG0000542	Prad.g_01405	Prat.g_00580
OG0000543	Prad.g_01406	Prat.g_00581
OG0000544	Prad.g_01407	Prat.g_00582
OG0000545	Prad.g_01410	Prat.g_00584
OG0000546	Prad.g_01411	Prat.g_00585
OG0000547	Prad.g_01413	Prat.g_00587
OG0000548	Prad.g_01414	Prat.g_00589
OG0000549	Prad.g_01415	Prat.g_00590
OG0000550	Prad.g_01416	Prat.g_00591
OG0000551	Prad.g_01417	Prat.g_00592
OG0000552	Prad.g_01418	Prat.g_00593
OG0000553	Prad.g_01419	Prat.g_01097
OG0000554	Prad.g_01420	Prat.g_01095
OG0000555	Prad.g_01421	Prat.g_01094
OG0000556	Prad.g_01422	Prat.g_01093
OG0000557	Prad.g_01423	Prat.g_01091
OG0000558	Prad.g_01424	Prat.g_01090
OG0000559	Prad.g_01425	Prat.g_01089
OG0000560	Prad.g_01427	Prat.g_01087
OG0000561	Prad.g_01428	Prat.g_01086
OG0000562	Prad.g_01429	Prat.g_01084
OG0000563	Prad.g_01430	Prat.g_01083
OG0000564	Prad.g_01431	Prat.g_01082
OG0000565	Prad.g_01432	Prat.g_01081
OG0000566	Prad.g_01433	Prat.g_01080
OG0000567	Prad.g_01219	Prat.g_01079
OG0000568	Prad.g_01220	Prat.g_01078
OG0000569	Prad.g_01221	Prat.g_01077
OG0000570	Prad.g_01222	Prat.g_01076
OG0000571	Prad.g_01223	Prat.g_01075
OG0000572	Prad.g_01224	Prat.g_01074
OG0000573	Prad.g_01227	Prat.g_01071
OG0000574	Prad.g_01228	Prat.g_01070
OG0000575	Prad.g_01229	Prat.g_01069
OG0000576	Prad.g_01230	Prat.g_01068
OG0000577	Prad.g_01231	Prat.g_01067
OG0000578	Prad.g_01232	Prat.g_01066
OG0000579	Prad.g_01233	Prat.g_01065
OG0000580	Prad.g_01234	Prat.g_01064
OG0000581	Prad.g_01235	Prat.g_01063
OG0000582	Prad.g_01236	Prat.g_01062
OG0000583	Prad.g_01237	Prat.g_01061
OG0000584	Prad.g_01238	Prat.g_01059
OG0000585	Prad.g_01239	Prat.g_01058
OG0000586	Prad.g_01241	Prat.g_01056
OG0000587	Prad.g_01242	Prat.g_01055
OG0000588	Prad.g_01244	Prat.g_00744
OG0000589	Prad.g_01245	Prat.g_00745
OG0000590	Prad.g_01247	Prat.g_00747
OG0000591	Prad.g_01253	Prat.g_00752
OG0000592	Prad.g_01254	Prat.g_00753
OG0000593	Prad.g_01255	Prat.g_00754
OG0000594	Prad.g_01257	Prat.g_00757
OG0000595	Prad.g_01258	Prat.g_00758
OG0000596	Prad.g_01259	Prat.g_00759
OG0000597	Prad.g_01261	Prat.g_00761
OG0000598	Prad.g_01262	Prat.g_00762
OG0000599	Prad.g_01263	Prat.g_00763
OG0000600	Prad.g_01264	Prat.g_00764
OG0000601	Prad.g_01266	Prat.g_00767
OG0000602	Prad.g_01267	Prat.g_00768
OG0000603	Prad.g_01268	Prat.g_00769
OG0000604	Prad.g_01269	Prat.g_00772
OG0000605	Prad.g_01270	Prat.g_00773
OG0000606	Prad.g_01271	Prat.g_00774
OG0000607	Prad.g_01273	Prat.g_00776
OG0000608	Prad.g_01274	Prat.g_00777
OG0000609	Prad.g_01278	Prat.g_01882
OG0000610	Prad.g_01279	Prat.g_00826
OG0000611	Prad.g_01050	Prat.g_00789
OG0000612	Prad.g_01051	Prat.g_00790
OG0000613	Prad.g_01052	Prat.g_00791
OG0000614	Prad.g_01053	Prat.g_00792
OG0000615	Prad.g_01055	Prat.g_00797
OG0000616	Prad.g_01056	Prat.g_00798
OG0000617	Prad.g_01057	Prat.g_00799
OG0000618	Prad.g_01058	Prat.g_00800
OG0000619	Prad.g_01059	Prat.g_00801
OG0000620	Prad.g_01060	Prat.g_00802
OG0000621	Prad.g_01061	Prat.g_00803
OG0000622	Prad.g_01062	Prat.g_00804
OG0000623	Prad.g_01063	Prat.g_00805
OG0000624	Prad.g_01064	Prat.g_00807
OG0000625	Prad.g_01065	Prat.g_00808
OG0000626	Prad.g_01066	Prat.g_00809
OG0000627	Prad.g_01067	Prat.g_00811
OG0000628	Prad.g_01068	Prat.g_00812
OG0000629	Prad.g_01069	Prat.g_00813
OG0000630	Prad.g_01070	Prat.g_00814
OG0000631	Prad.g_01072	Prat.g_00816
OG0000632	Prad.g_01088	Prat.g_00622
OG0000633	Prad.g_01092	Prat.g_01486
OG0000634	Prad.g_01107	Prat.g_01472
OG0000635	Prad.g_01109	Prat.g_00888
OG0000636	Prad.g_01110	Prat.g_00887
OG0000637	Prad.g_01111	Prat.g_00886
OG0000638	Prad.g_01123	Prat.g_00345
OG0000639	Prad.g_01132	Prat.g_00859
OG0000640	Prad.g_01134	Prat.g_00863
OG0000641	Prad.g_01137	Prat.g_00865
OG0000642	Prad.g_01138	Prat.g_00866
OG0000643	Prad.g_01139	Prat.g_00867
OG0000644	Prad.g_01140	Prat.g_01043
OG0000645	Prad.g_01141	Prat.g_01042
OG0000646	Prad.g_01142	Prat.g_01041
OG0000647	Prad.g_01143	Prat.g_01040
OG0000648	Prad.g_01145	Prat.g_01038
OG0000649	Prad.g_01146	Prat.g_01037
OG0000650	Prad.g_01147	Prat.g_01036
OG0000651	Prad.g_01148	Prat.g_01035
OG0000652	Prad.g_01149	Prat.g_01034
OG0000653	Prad.g_01150	Prat.g_01033
OG0000654	Prad.g_01152	Prat.g_01031
OG0000655	Prad.g_01154	Prat.g_01029
OG0000656	Prad.g_01155	Prat.g_01028
OG0000657	Prad.g_01156	Prat.g_01027
OG0000658	Prad.g_01157	Prat.g_01026
OG0000659	Prad.g_01158	Prat.g_01025
OG0000660	Prad.g_01159	Prat.g_01024
OG0000661	Prad.g_01160	Prat.g_01023
OG0000662	Prad.g_01161	Prat.g_01021
OG0000663	Prad.g_01162	Prat.g_01020
OG0000664	Prad.g_01163	Prat.g_01019
OG0000665	Prad.g_01164	Prat.g_01018
OG0000666	Prad.g_01165	Prat.g_01017
OG0000667	Prad.g_01166	Prat.g_01016
OG0000668	Prad.g_01167	Prat.g_01015
OG0000669	Prad.g_01169	Prat.g_01013
OG0000670	Prad.g_01170	Prat.g_01012
OG0000671	Prad.g_01171	Prat.g_01011
OG0000672	Prad.g_01172	Prat.g_01010
OG0000673	Prad.g_01173	Prat.g_01009
OG0000674	Prad.g_01174	Prat.g_01008
OG0000675	Prad.g_01176	Prat.g_01007
OG0000676	Prad.g_01177	Prat.g_01006
OG0000677	Prad.g_01180	Prat.g_01004
OG0000678	Prad.g_01182	Prat.g_01002
OG0000679	Prad.g_01183	Prat.g_01001
OG0000680	Prad.g_01184	Prat.g_01000
OG0000681	Prad.g_01185	Prat.g_00999
OG0000682	Prad.g_00308	Prat.g_00998
OG0000683	Prad.g_00306	Prat.g_00996
OG0000684	Prad.g_00305	Prat.g_00995
OG0000685	Prad.g_00304	Prat.g_00994
OG0000686	Prad.g_00303	Prat.g_00993
OG0000687	Prad.g_00302	Prat.g_00992
OG0000688	Prad.g_00301	Prat.g_00991
OG0000689	Prad.g_00300	Prat.g_00990
OG0000690	Prad.g_00299	Prat.g_00989
OG0000691	Prad.g_00298	Prat.g_00988
OG0000692	Prad.g_00296	Prat.g_00984
OG0000693	Prad.g_00295	Prat.g_00983
OG0000694	Prad.g_00294	Prat.g_00982
OG0000695	Prad.g_00293	Prat.g_00981
OG0000696	Prad.g_00292	Prat.g_00980
OG0000697	Prad.g_00290	Prat.g_00978
OG0000698	Prad.g_00288	Prat.g_00974
OG0000699	Prad.g_00287	Prat.g_00973
OG0000700	Prad.g_00260	Prat.g_00694
OG0000701	Prad.g_00256	Prat.g_00699
OG0000702	Prad.g_00253	Prat.g_00705
OG0000703	Prad.g_00252	Prat.g_00707
OG0000704	Prad.g_00251	Prat.g_00708
OG0000705	Prad.g_00250	Prat.g_00709
OG0000706	Prad.g_00249	Prat.g_00710
OG0000707	Prad.g_00248	Prat.g_00712
OG0000708	Prad.g_00247	Prat.g_00713
OG0000709	Prad.g_00245	Prat.g_00716
OG0000710	Prad.g_00244	Prat.g_00717
OG0000711	Prad.g_00243	Prat.g_00718
OG0000712	Prad.g_00242	Prat.g_00719
OG0000713	Prad.g_00241	Prat.g_00720
OG0000714	Prad.g_00239	Prat.g_00722
OG0000715	Prad.g_00238	Prat.g_00723
OG0000716	Prad.g_00236	Prat.g_00725
OG0000717	Prad.g_00235	Prat.g_00726
OG0000718	Prad.g_00234	Prat.g_00728
OG0000719	Prad.g_00232	Prat.g_00730
OG0000720	Prad.g_00231	Prat.g_00731
OG0000721	Prad.g_00228	Prat.g_00734
OG0000722	Prad.g_00227	Prat.g_00735
OG0000723	Prad.g_00226	Prat.g_00736
OG0000724	Prad.g_00224	Prat.g_00738
OG0000725	Prad.g_00223	Prat.g_00739
OG0000726	Prad.g_00222	Prat.g_00740
OG0000727	Prad.g_00221	Prat.g_00741
OG0000728	Prad.g_00220	Prat.g_00742
OG0000729	Prad.g_00219	Prat.g_00743
OG0000730	Prad.g_00218	Prat.g_01053
OG0000731	Prad.g_00217	Prat.g_01051
OG0000732	Prad.g_00216	Prat.g_01050
OG0000733	Prad.g_00215	Prat.g_01049
OG0000734	Prad.g_00214	Prat.g_01048
OG0000735	Prad.g_00212	Prat.g_01046
OG0000736	Prad.g_00211	Prat.g_01045
OG0000737	Prad.g_00210	Prat.g_01044
OG0000738	Prad.g_00209	Prat.g_00868
OG0000739	Prad.g_00208	Prat.g_00869
OG0000740	Prad.g_00207	Prat.g_00870
OG0000741	Prad.g_00206	Prat.g_00871
OG0000742	Prad.g_00204	Prat.g_00873
OG0000743	Prad.g_00203	Prat.g_00874
OG0000744	Prad.g_00202	Prat.g_00876
OG0000745	Prad.g_00201	Prat.g_00877
OG0000746	Prad.g_00200	Prat.g_00878
OG0000747	Prad.g_00199	Prat.g_00879
OG0000748	Prad.g_00198	Prat.g_00880
OG0000749	Prad.g_00197	Prat.g_00881
OG0000750	Prad.g_00196	Prat.g_00883
OG0000751	Prad.g_00195	Prat.g_00884
OG0000752	Prad.g_00194	Prat.g_00944
OG0000753	Prad.g_00192	Prat.g_00889
OG0000754	Prad.g_00191	Prat.g_00890
OG0000755	Prad.g_00190	Prat.g_00891
OG0000756	Prad.g_00189	Prat.g_00893
OG0000757	Prad.g_00188	Prat.g_00894
OG0000758	Prad.g_00187	Prat.g_00895
OG0000759	Prad.g_00185	Prat.g_00897
OG0000760	Prad.g_00184	Prat.g_00898
OG0000761	Prad.g_00183	Prat.g_00899
OG0000762	Prad.g_00181	Prat.g_00901
OG0000763	Prad.g_00180	Prat.g_00902
OG0000764	Prad.g_00179	Prat.g_00903
OG0000765	Prad.g_00178	Prat.g_00904
OG0000766	Prad.g_00177	Prat.g_00905
OG0000767	Prad.g_00175	Prat.g_00907
OG0000768	Prad.g_00174	Prat.g_00908
OG0000769	Prad.g_00173	Prat.g_00909
OG0000770	Prad.g_00172	Prat.g_00910
OG0000771	Prad.g_00171	Prat.g_00911
OG0000772	Prad.g_00170	Prat.g_00912
OG0000773	Prad.g_00169	Prat.g_00913
OG0000774	Prad.g_00168	Prat.g_00914
OG0000775	Prad.g_00167	Prat.g_00915
OG0000776	Prad.g_00165	Prat.g_00916
OG0000777	Prad.g_00163	Prat.g_00917
OG0000778	Prad.g_00162	Prat.g_00918
OG0000779	Prad.g_00161	Prat.g_00919
OG0000780	Prad.g_00159	Prat.g_00921
OG0000781	Prad.g_00157	Prat.g_00923
OG0000782	Prad.g_00156	Prat.g_00924
OG0000783	Prad.g_00144	Prat.g_00929
OG0000784	Prad.g_00142	Prat.g_00931
OG0000785	Prad.g_00141	Prat.g_00932
OG0000786	Prad.g_00140	Prat.g_00933
OG0000787	Prad.g_00139	Prat.g_00934
OG0000788	Prad.g_00135	Prat.g_00939
OG0000789	Prad.g_01039	Prat.g_00942
OG0000790	Prad.g_01038	Prat.g_00943
OG0000791	Prad.g_01037	Prat.g_00946
OG0000792	Prad.g_01036	Prat.g_00947
OG0000793	Prad.g_01035	Prat.g_00948
OG0000794	Prad.g_01033	Prat.g_00951
OG0000795	Prad.g_01030	Prat.g_00955
OG0000796	Prad.g_01029	Prat.g_00956
OG0000797	Prad.g_01026	Prat.g_00957
OG0000798	Prad.g_01025	Prat.g_00958
OG0000799	Prad.g_01024	Prat.g_00959
OG0000800	Prad.g_01023	Prat.g_00960
OG0000801	Prad.g_01020	Prat.g_00963
OG0000802	Prad.g_01019	Prat.g_00964
OG0000803	Prad.g_01017	Prat.g_00966
OG0000804	Prad.g_01016	Prat.g_00967
OG0000805	Prad.g_01015	Prat.g_00968
OG0000806	Prad.g_01013	Prat.g_00970
OG0000807	Prad.g_00990	Prat.g_01204
OG0000808	Prad.g_00981	Prat.g_01479
OG0000809	Prad.g_00978	Prat.g_01197
OG0000810	Prad.g_00977	Prat.g_01480
OG0000811	Prad.g_00970	Prat.g_01214
OG0000812	Prad.g_00635	Prat.g_01199
OG0000813	Prad.g_00639	Prat.g_00354
OG0000814	Prad.g_00641	Prat.g_01373
OG0000815	Prad.g_00655	Prat.g_01211
OG0000816	Prad.g_01988	Prat.g_01560
OG0000817	Prad.g_01987	Prat.g_01559
OG0000818	Prad.g_01522	Prat.g_01175
OG0000819	Prad.g_01515	Prat.g_01177
OG0000820	Prad.g_01511	Prat.g_01171
OG0000821	Prad.g_01509	Prat.g_01169
OG0000822	Prad.g_01508	Prat.g_01168
OG0000823	Prad.g_01507	Prat.g_01167
OG0000824	Prad.g_01506	Prat.g_01166
OG0000825	Prad.g_01505	Prat.g_01165
OG0000826	Prad.g_01504	Prat.g_01164
OG0000827	Prad.g_01503	Prat.g_01163
OG0000828	Prad.g_01502	Prat.g_01162
OG0000829	Prad.g_01501	Prat.g_01161
OG0000830	Prad.g_01500	Prat.g_01159
OG0000831	Prad.g_01497	Prat.g_01157
OG0000832	Prad.g_01495	Prat.g_01155
OG0000833	Prad.g_01494	Prat.g_01154
OG0000834	Prad.g_01493	Prat.g_01153
OG0000835	Prad.g_01492	Prat.g_01152
OG0000836	Prad.g_01491	Prat.g_01151
OG0000837	Prad.g_01489	Prat.g_01148
OG0000838	Prad.g_01488	Prat.g_01147
OG0000839	Prad.g_01487	Prat.g_01146
OG0000840	Prad.g_01486	Prat.g_01145
OG0000841	Prad.g_01485	Prat.g_01144
OG0000842	Prad.g_01484	Prat.g_01142
OG0000843	Prad.g_01483	Prat.g_01141
OG0000844	Prad.g_01482	Prat.g_01140
OG0000845	Prad.g_01481	Prat.g_01139
OG0000846	Prad.g_01478	Prat.g_01136
OG0000847	Prad.g_01476	Prat.g_01135
OG0000848	Prad.g_01475	Prat.g_01134
OG0000849	Prad.g_01474	Prat.g_01131
OG0000850	Prad.g_01473	Prat.g_01130
OG0000851	Prad.g_01472	Prat.g_01128
OG0000852	Prad.g_01469	Prat.g_01126
OG0000853	Prad.g_01468	Prat.g_01124
OG0000854	Prad.g_01466	Prat.g_01123
OG0000855	Prad.g_01465	Prat.g_01122
OG0000856	Prad.g_01464	Prat.g_01121
OG0000857	Prad.g_01463	Prat.g_01120
OG0000858	Prad.g_01462	Prat.g_01119
OG0000859	Prad.g_01461	Prat.g_01118
OG0000860	Prad.g_01460	Prat.g_01117
OG0000861	Prad.g_01459	Prat.g_01116
OG0000862	Prad.g_01458	Prat.g_01115
OG0000863	Prad.g_01457	Prat.g_01114
OG0000864	Prad.g_01456	Prat.g_01113
OG0000865	Prad.g_01455	Prat.g_01112
OG0000866	Prad.g_01454	Prat.g_01111
OG0000867	Prad.g_01453	Prat.g_01110
OG0000868	Prad.g_01452	Prat.g_01108
OG0000869	Prad.g_01450	Prat.g_01106
OG0000870	Prad.g_01449	Prat.g_01105
OG0000871	Prad.g_01447	Prat.g_01104
OG0000872	Prad.g_01446	Prat.g_01103
OG0000873	Prad.g_01444	Prat.g_01101
OG0000874	Prad.g_01443	Prat.g_01100
OG0000875	Prad.g_01442	Prat.g_01099
OG0000876	Prad.g_01441	Prat.g_01098
OG0000877	Prad.g_01439	Prat.g_00594
OG0000878	Prad.g_00341	Prat.g_00626
OG0000879	Prad.g_00359	Prat.g_01238
OG0000880	Prad.g_00360	Prat.g_01239
OG0000881	Prad.g_00361	Prat.g_01240
OG0000882	Prad.g_00362	Prat.g_01241
OG0000883	Prad.g_00363	Prat.g_01242
OG0000884	Prad.g_00365	Prat.g_01244
OG0000885	Prad.g_00366	Prat.g_01245
OG0000886	Prad.g_00631	Prat.g_01246
OG0000887	Prad.g_00630	Prat.g_01247
OG0000888	Prad.g_00629	Prat.g_01248
OG0000889	Prad.g_00626	Prat.g_01251
OG0000890	Prad.g_00625	Prat.g_01252
OG0000891	Prad.g_00624	Prat.g_01253
OG0000892	Prad.g_00622	Prat.g_01255
OG0000893	Prad.g_00621	Prat.g_01256
OG0000894	Prad.g_00620	Prat.g_01257
OG0000895	Prad.g_00619	Prat.g_01258
OG0000896	Prad.g_00618	Prat.g_01259
OG0000897	Prad.g_00617	Prat.g_01260
OG0000898	Prad.g_00615	Prat.g_01263
OG0000899	Prad.g_00614	Prat.g_01264
OG0000900	Prad.g_00612	Prat.g_01282
OG0000901	Prad.g_00608	Prat.g_01287
OG0000902	Prad.g_00607	Prat.g_01471
OG0000903	Prad.g_00606	Prat.g_01178
OG0000904	Prad.g_00604	Prat.g_01455
OG0000905	Prad.g_00602	Prat.g_01200
OG0000906	Prad.g_00600	Prat.g_01181
OG0000907	Prad.g_00599	Prat.g_00976
OG0000908	Prad.g_00596	Prat.g_01228
OG0000909	Prad.g_00592	Prat.g_01293
OG0000910	Prad.g_00591	Prat.g_01294
OG0000911	Prad.g_00590	Prat.g_01295
OG0000912	Prad.g_00589	Prat.g_01296
OG0000913	Prad.g_00588	Prat.g_01297
OG0000914	Prad.g_00587	Prat.g_01298
OG0000915	Prad.g_00586	Prat.g_01299
OG0000916	Prad.g_00585	Prat.g_01300
OG0000917	Prad.g_00584	Prat.g_01301
OG0000918	Prad.g_00583	Prat.g_01302
OG0000919	Prad.g_00582	Prat.g_01303
OG0000920	Prad.g_00581	Prat.g_01304
OG0000921	Prad.g_00580	Prat.g_01305
OG0000922	Prad.g_00579	Prat.g_01306
OG0000923	Prad.g_00578	Prat.g_01307
OG0000924	Prad.g_00577	Prat.g_01308
OG0000925	Prad.g_00576	Prat.g_01309
OG0000926	Prad.g_00567	Prat.g_01769
OG0000927	Prad.g_00533	Prat.g_01333
OG0000928	Prad.g_00532	Prat.g_01334
OG0000929	Prad.g_00531	Prat.g_01335
OG0000930	Prad.g_00530	Prat.g_01336
OG0000931	Prad.g_00529	Prat.g_01337
OG0000932	Prad.g_00527	Prat.g_01339
OG0000933	Prad.g_00526	Prat.g_01340
OG0000934	Prad.g_00525	Prat.g_01341
OG0000935	Prad.g_00524	Prat.g_01342
OG0000936	Prad.g_00523	Prat.g_01343
OG0000937	Prad.g_00522	Prat.g_01344
OG0000938	Prad.g_00521	Prat.g_01345
OG0000939	Prad.g_00520	Prat.g_01346
OG0000940	Prad.g_00519	Prat.g_01348
OG0000941	Prad.g_00517	Prat.g_01350
OG0000942	Prad.g_00516	Prat.g_01351
OG0000943	Prad.g_00513	Prat.g_01355
OG0000944	Prad.g_00512	Prat.g_01356
OG0000945	Prad.g_00511	Prat.g_01357
OG0000946	Prad.g_00510	Prat.g_01358
OG0000947	Prad.g_00509	Prat.g_01359
OG0000948	Prad.g_00508	Prat.g_01360
OG0000949	Prad.g_00507	Prat.g_01361
OG0000950	Prad.g_00506	Prat.g_01362
OG0000951	Prad.g_00505	Prat.g_01363
OG0000952	Prad.g_00504	Prat.g_01364
OG0000953	Prad.g_00503	Prat.g_01365
OG0000954	Prad.g_00502	Prat.g_01366
OG0000955	Prad.g_00501	Prat.g_01367
OG0000956	Prad.g_00500	Prat.g_01368
OG0000957	Prad.g_00499	Prat.g_01369
OG0000958	Prad.g_00498	Prat.g_01370
OG0000959	Prad.g_00497	Prat.g_01371
OG0000960	Prad.g_00496	Prat.g_01372
OG0000961	Prad.g_00491	Prat.g_01378
OG0000962	Prad.g_00490	Prat.g_01379
OG0000963	Prad.g_00489	Prat.g_01380
OG0000964	Prad.g_00487	Prat.g_01382
OG0000965	Prad.g_00486	Prat.g_01383
OG0000966	Prad.g_00485	Prat.g_01384
OG0000967	Prad.g_00484	Prat.g_01385
OG0000968	Prad.g_00483	Prat.g_01386
OG0000969	Prad.g_00482	Prat.g_01387
OG0000970	Prad.g_00481	Prat.g_01388
OG0000971	Prad.g_00480	Prat.g_01389
OG0000972	Prad.g_00479	Prat.g_01390
OG0000973	Prad.g_00478	Prat.g_01391
OG0000974	Prad.g_00476	Prat.g_01393
OG0000975	Prad.g_00473	Prat.g_01399
OG0000976	Prad.g_00471	Prat.g_01403
OG0000977	Prad.g_00470	Prat.g_01405
OG0000978	Prad.g_00469	Prat.g_01407
OG0000979	Prad.g_00467	Prat.g_01409
OG0000980	Prad.g_00466	Prat.g_01410
OG0000981	Prad.g_00465	Prat.g_01411
OG0000982	Prad.g_00464	Prat.g_01412
OG0000983	Prad.g_00462	Prat.g_01414
OG0000984	Prad.g_00461	Prat.g_01415
OG0000985	Prad.g_00460	Prat.g_01416
OG0000986	Prad.g_00459	Prat.g_01417
OG0000987	Prad.g_00458	Prat.g_01418
OG0000988	Prad.g_00457	Prat.g_01420
OG0000989	Prad.g_00456	Prat.g_01421
OG0000990	Prad.g_00455	Prat.g_01422
OG0000991	Prad.g_00454	Prat.g_01423
OG0000992	Prad.g_00453	Prat.g_01424
OG0000993	Prad.g_00452	Prat.g_01425
OG0000994	Prad.g_00451	Prat.g_01426
OG0000995	Prad.g_00450	Prat.g_01427
OG0000996	Prad.g_00449	Prat.g_01428
OG0000997	Prad.g_00448	Prat.g_01429
OG0000998	Prad.g_00447	Prat.g_01430
OG0000999	Prad.g_00446	Prat.g_01431
OG0001000	Prad.g_00445	Prat.g_01432
OG0001001	Prad.g_00443	Prat.g_01434
OG0001002	Prad.g_00442	Prat.g_01435
OG0001003	Prad.g_00441	Prat.g_01436
OG0001004	Prad.g_00440	Prat.g_01437
OG0001005	Prad.g_00439	Prat.g_01439
OG0001006	Prad.g_00438	Prat.g_01440
OG0001007	Prad.g_00437	Prat.g_01441
OG0001008	Prad.g_00435	Prat.g_01443
OG0001009	Prad.g_00434	Prat.g_01444
OG0001010	Prad.g_00426	Prat.g_01502
OG0001011	Prad.g_00419	Prat.g_01457
OG0001012	Prad.g_00388	Prat.g_01022
OG0001013	Prad.g_00947	Prat.g_01585
OG0001014	Prad.g_00946	Prat.g_01586
OG0001015	Prad.g_00940	Prat.g_01593
OG0001016	Prad.g_00939	Prat.g_01594
OG0001017	Prad.g_00938	Prat.g_01595
OG0001018	Prad.g_00937	Prat.g_01596
OG0001019	Prad.g_00935	Prat.g_01598
OG0001020	Prad.g_00934	Prat.g_01599
OG0001021	Prad.g_00933	Prat.g_01600
OG0001022	Prad.g_00932	Prat.g_01601
OG0001023	Prad.g_00931	Prat.g_01602
OG0001024	Prad.g_00930	Prat.g_01603
OG0001025	Prad.g_00929	Prat.g_01604
OG0001026	Prad.g_00927	Prat.g_01605
OG0001027	Prad.g_00926	Prat.g_01606
OG0001028	Prad.g_00925	Prat.g_01607
OG0001029	Prad.g_00924	Prat.g_01608
OG0001030	Prad.g_00923	Prat.g_01609
OG0001031	Prad.g_00922	Prat.g_01610
OG0001032	Prad.g_00921	Prat.g_01611
OG0001033	Prad.g_00920	Prat.g_01612
OG0001034	Prad.g_00919	Prat.g_01613
OG0001035	Prad.g_00917	Prat.g_01615
OG0001036	Prad.g_00916	Prat.g_01616
OG0001037	Prad.g_00915	Prat.g_01617
OG0001038	Prad.g_00914	Prat.g_01618
OG0001039	Prad.g_00913	Prat.g_01619
OG0001040	Prad.g_00912	Prat.g_01621
OG0001041	Prad.g_00911	Prat.g_01622
OG0001042	Prad.g_00910	Prat.g_01623
OG0001043	Prad.g_00909	Prat.g_01624
OG0001044	Prad.g_00908	Prat.g_01625
OG0001045	Prad.g_00907	Prat.g_01626
OG0001046	Prad.g_00906	Prat.g_01627
OG0001047	Prad.g_00903	Prat.g_01630
OG0001048	Prad.g_00901	Prat.g_01632
OG0001049	Prad.g_00900	Prat.g_01633
OG0001050	Prad.g_00899	Prat.g_01634
OG0001051	Prad.g_00898	Prat.g_01635
OG0001052	Prad.g_00897	Prat.g_01636
OG0001053	Prad.g_00895	Prat.g_01639
OG0001054	Prad.g_00893	Prat.g_01641
OG0001055	Prad.g_00892	Prat.g_01642
OG0001056	Prad.g_00891	Prat.g_01643
OG0001057	Prad.g_00890	Prat.g_01644
OG0001058	Prad.g_00889	Prat.g_01645
OG0001059	Prad.g_00888	Prat.g_01646
OG0001060	Prad.g_00887	Prat.g_01647
OG0001061	Prad.g_00886	Prat.g_01648
OG0001062	Prad.g_00885	Prat.g_01649
OG0001063	Prad.g_00884	Prat.g_01650
OG0001064	Prad.g_00882	Prat.g_01652
OG0001065	Prad.g_00879	Prat.g_01655
OG0001066	Prad.g_00878	Prat.g_01657
OG0001067	Prad.g_00877	Prat.g_01658
OG0001068	Prad.g_00875	Prat.g_01661
OG0001069	Prad.g_00874	Prat.g_01662
OG0001070	Prad.g_00873	Prat.g_01663
OG0001071	Prad.g_00872	Prat.g_01664
OG0001072	Prad.g_00871	Prat.g_01665
OG0001073	Prad.g_00870	Prat.g_01666
OG0001074	Prad.g_00869	Prat.g_01667
OG0001075	Prad.g_00868	Prat.g_01668
OG0001076	Prad.g_00867	Prat.g_01669
OG0001077	Prad.g_00866	Prat.g_01670
OG0001078	Prad.g_00865	Prat.g_01671
OG0001079	Prad.g_00864	Prat.g_01672
OG0001080	Prad.g_00863	Prat.g_01673
OG0001081	Prad.g_00860	Prat.g_01677
OG0001082	Prad.g_00859	Prat.g_01678
OG0001083	Prad.g_00858	Prat.g_01682
OG0001084	Prad.g_00856	Prat.g_01680
OG0001085	Prad.g_00855	Prat.g_01679
OG0001086	Prad.g_00854	Prat.g_01676
OG0001087	Prad.g_00853	Prat.g_01675
OG0001088	Prad.g_00852	Prat.g_01674
OG0001089	Prad.g_00849	Prat.g_01684
OG0001090	Prad.g_00847	Prat.g_01686
OG0001091	Prad.g_00846	Prat.g_01687
OG0001092	Prad.g_00845	Prat.g_01688
OG0001093	Prad.g_00844	Prat.g_01689
OG0001094	Prad.g_00843	Prat.g_01690
OG0001095	Prad.g_00842	Prat.g_01691
OG0001096	Prad.g_00841	Prat.g_01692
OG0001097	Prad.g_00840	Prat.g_01693
OG0001098	Prad.g_00839	Prat.g_01694
OG0001099	Prad.g_00838	Prat.g_01695
OG0001100	Prad.g_00837	Prat.g_01696
OG0001101	Prad.g_00836	Prat.g_01697
OG0001102	Prad.g_00835	Prat.g_01698
OG0001103	Prad.g_00834	Prat.g_01699
OG0001104	Prad.g_00833	Prat.g_01700
OG0001105	Prad.g_00832	Prat.g_01701
OG0001106	Prad.g_00831	Prat.g_01702
OG0001107	Prad.g_00830	Prat.g_01703
OG0001108	Prad.g_00829	Prat.g_01704
OG0001109	Prad.g_00828	Prat.g_01705
OG0001110	Prad.g_00827	Prat.g_01706
OG0001111	Prad.g_00826	Prat.g_01707
OG0001112	Prad.g_00825	Prat.g_01708
OG0001113	Prad.g_00824	Prat.g_01709
OG0001114	Prad.g_00823	Prat.g_01710
OG0001115	Prad.g_00822	Prat.g_01711
OG0001116	Prad.g_00821	Prat.g_01712
OG0001117	Prad.g_00820	Prat.g_01713
OG0001118	Prad.g_00819	Prat.g_01714
OG0001119	Prad.g_00818	Prat.g_01715
OG0001120	Prad.g_00817	Prat.g_01327
OG0001121	Prad.g_00815	Prat.g_01717
OG0001122	Prad.g_00814	Prat.g_01718
OG0001123	Prad.g_00813	Prat.g_01719
OG0001124	Prad.g_00811	Prat.g_01721
OG0001125	Prad.g_00809	Prat.g_01723
OG0001126	Prad.g_00808	Prat.g_01724
OG0001127	Prad.g_00806	Prat.g_01727
OG0001128	Prad.g_00805	Prat.g_01728
OG0001129	Prad.g_00804	Prat.g_01729
OG0001130	Prad.g_00801	Prat.g_01732
OG0001131	Prad.g_00800	Prat.g_01733
OG0001132	Prad.g_00799	Prat.g_01734
OG0001133	Prad.g_00798	Prat.g_01735
OG0001134	Prad.g_00797	Prat.g_01736
OG0001135	Prad.g_00796	Prat.g_01737
OG0001136	Prad.g_00795	Prat.g_01738
OG0001137	Prad.g_00794	Prat.g_01739
OG0001138	Prad.g_00793	Prat.g_01740
OG0001139	Prad.g_00792	Prat.g_01742
OG0001140	Prad.g_00791	Prat.g_01744
OG0001141	Prad.g_00790	Prat.g_01745
OG0001142	Prad.g_00787	Prat.g_01748
OG0001143	Prad.g_00786	Prat.g_01749
OG0001144	Prad.g_00785	Prat.g_01750
OG0001145	Prad.g_00784	Prat.g_01751
OG0001146	Prad.g_00783	Prat.g_01752
OG0001147	Prad.g_00782	Prat.g_01753
OG0001148	Prad.g_00781	Prat.g_01754
OG0001149	Prad.g_00779	Prat.g_01756
OG0001150	Prad.g_00778	Prat.g_01757
OG0001151	Prad.g_00776	Prat.g_01760
OG0001152	Prad.g_00775	Prat.g_01761
OG0001153	Prad.g_00774	Prat.g_01762
OG0001154	Prad.g_00772	Prat.g_01764
OG0001155	Prad.g_00770	Prat.g_01766
OG0001156	Prad.g_00768	Prat.g_01768
OG0001157	Prad.g_00767	Prat.g_01770
OG0001158	Prad.g_00765	Prat.g_01772
OG0001159	Prad.g_00764	Prat.g_01773
OG0001160	Prad.g_00763	Prat.g_01775
OG0001161	Prad.g_00762	Prat.g_01776
OG0001162	Prad.g_01641	Prat.g_01777
OG0001163	Prad.g_01640	Prat.g_01778
OG0001164	Prad.g_01639	Prat.g_01779
OG0001165	Prad.g_01638	Prat.g_01780
OG0001166	Prad.g_01637	Prat.g_01781
OG0001167	Prad.g_01636	Prat.g_01783
OG0001168	Prad.g_01635	Prat.g_01784
OG0001169	Prad.g_01634	Prat.g_01785
OG0001170	Prad.g_01633	Prat.g_01786
OG0001171	Prad.g_01632	Prat.g_01787
OG0001172	Prad.g_01630	Prat.g_01789
OG0001173	Prad.g_01628	Prat.g_01791
OG0001174	Prad.g_01627	Prat.g_01792
OG0001175	Prad.g_01626	Prat.g_01793
OG0001176	Prad.g_01625	Prat.g_01795
OG0001177	Prad.g_01623	Prat.g_01797
OG0001178	Prad.g_01621	Prat.g_01800
OG0001179	Prad.g_01620	Prat.g_01801
OG0001180	Prad.g_01619	Prat.g_01802
OG0001181	Prad.g_01618	Prat.g_01803
OG0001182	Prad.g_01617	Prat.g_01804
OG0001183	Prad.g_01616	Prat.g_01805
OG0001184	Prad.g_01614	Prat.g_01807
OG0001185	Prad.g_01611	Prat.g_01809
OG0001186	Prad.g_01610	Prat.g_01810
OG0001187	Prad.g_01609	Prat.g_01811
OG0001188	Prad.g_01608	Prat.g_01812
OG0001189	Prad.g_01607	Prat.g_01813
OG0001190	Prad.g_01606	Prat.g_01814
OG0001191	Prad.g_01605	Prat.g_01815
OG0001192	Prad.g_01604	Prat.g_01816
OG0001193	Prad.g_01603	Prat.g_01817
OG0001194	Prad.g_01602	Prat.g_01818
OG0001195	Prad.g_01601	Prat.g_01819
OG0001196	Prad.g_01600	Prat.g_01820
OG0001197	Prad.g_01599	Prat.g_01821
OG0001198	Prad.g_01598	Prat.g_01822
OG0001199	Prad.g_01597	Prat.g_01823
OG0001200	Prad.g_01596	Prat.g_01824
OG0001201	Prad.g_01595	Prat.g_01825
OG0001202	Prad.g_01594	Prat.g_01826
OG0001203	Prad.g_01592	Prat.g_01828
OG0001204	Prad.g_01590	Prat.g_01830
OG0001205	Prad.g_01589	Prat.g_01832
OG0001206	Prad.g_01588	Prat.g_01833
OG0001207	Prad.g_01587	Prat.g_01834
OG0001208	Prad.g_01586	Prat.g_01835
OG0001209	Prad.g_01585	Prat.g_01836
OG0001210	Prad.g_01584	Prat.g_01837
OG0001211	Prad.g_01583	Prat.g_01838
OG0001212	Prad.g_01582	Prat.g_01839
OG0001213	Prad.g_01581	Prat.g_01840
OG0001214	Prad.g_01579	Prat.g_01842
OG0001215	Prad.g_01578	Prat.g_01843
OG0001216	Prad.g_01577	Prat.g_01844
OG0001217	Prad.g_01576	Prat.g_01845
OG0001218	Prad.g_01575	Prat.g_01846
OG0001219	Prad.g_01572	Prat.g_01849
OG0001220	Prad.g_01571	Prat.g_01850
OG0001221	Prad.g_01568	Prat.g_01856
OG0001222	Prad.g_01567	Prat.g_01857
OG0001223	Prad.g_01566	Prat.g_01858
OG0001224	Prad.g_01565	Prat.g_01860
OG0001225	Prad.g_01564	Prat.g_01861
OG0001226	Prad.g_01563	Prat.g_01862
OG0001227	Prad.g_01562	Prat.g_01863
OG0001228	Prad.g_01561	Prat.g_01864
OG0001229	Prad.g_01560	Prat.g_01865
OG0001230	Prad.g_01559	Prat.g_01866
OG0001231	Prad.g_01558	Prat.g_01867
OG0001232	Prad.g_01557	Prat.g_01869
OG0001233	Prad.g_01556	Prat.g_01870
OG0001234	Prad.g_01555	Prat.g_01871
OG0001235	Prad.g_01554	Prat.g_01872
OG0001236	Prad.g_01552	Prat.g_01874
OG0001237	Prad.g_01551	Prat.g_01875
OG0001238	Prad.g_01549	Prat.g_01879
OG0001239	Prad.g_01548	Prat.g_01880
OG0001240	Prad.g_01547	Prat.g_01881
OG0001241	Prad.g_01545	Prat.g_01884
OG0001242	Prad.g_01544	Prat.g_01885
OG0001243	Prad.g_01543	Prat.g_01886
OG0001244	Prad.g_01542	Prat.g_01887
OG0001245	Prad.g_01541	Prat.g_01888
OG0001246	Prad.g_01540	Prat.g_01889
OG0001247	Prad.g_01539	Prat.g_01890
OG0001248	Prad.g_01538	Prat.g_01891
OG0001249	Prad.g_01537	Prat.g_01892
OG0001250	Prad.g_01536	Prat.g_01893
OG0001251	Prad.g_01901	Prat.g_01269
OG0001252	Prad.g_01855	Prat.g_00137
OG0001253	Prad.g_01841	Prat.g_00149
OG0001254	Prad.g_01710	Prat.g_00288
OG0001255	Prad.g_01658	Prat.g_00347
OG0001257	Prad.g_00025	Prat.g_00442
OG0001258	Prad.g_00131	Prat.g_00459
OG0001259	Prad.g_01379	Prat.g_00552
OG0001260	Prad.g_01091	Prat.g_00831
OG0001261	Prad.g_01181	Prat.g_01003
OG0001262	Prad.g_00297	Prat.g_00987
OG0001263	Prad.g_00276	Prat.g_01176
OG0001264	Prad.g_00246	Prat.g_00715
OG0001265	Prad.g_00137	Prat.g_00937
OG0001266	Prad.g_00995	Prat.g_00078
OG0001267	Prad.g_01512	Prat.g_01172
OG0001268	Prad.g_01499	Prat.g_01158
OG0001269	Prad.g_00611	Prat.g_01283
OG0001270	Prad.g_00474	Prat.g_01398
OG0001271	Prad.g_00463	Prat.g_01413
OG0001273	Prad.g_00420	Prat.g_00481
OG0001274	Prad.g_00415	Prat.g_01500
OG0001275	Prad.g_00397	Prat.g_00660, Prat.g_00659
OG0001277	Prad.g_00369	Prat.g_01542, Prat.g_01578
OG0001278	Prad.g_00949	Prat.g_01583
OG0001279	Prad.g_00945	Prat.g_01587
OG0001280	Prad.g_00942	Prat.g_01590
OG0001281	Prad.g_00876	Prat.g_01660
OG0001282	Prad.g_00851	Prat.g_01597
OG0001283	Prad.g_00769	Prat.g_01767
OG0001285	Prad.g_01591	Prat.g_01829
OG0001286	Prad.g_01546	Prat.g_01883
OG0001287	Prad.g_01299	Prat.g_00648
OG0001288	Prad.g_00070	Prat.g_00397
OG0001290	Prad.g_01956	Prat.g_00032
OG0001291	Prad.g_01922	Prat.g_00068
OG0001293	Prad.g_01917	Prat.g_00073
OG0001294	Prad.g_01900	Prat.g_00090
OG0001296	Prad.g_01868	Prat.g_00125
OG0001297	Prad.g_01792	Prat.g_00201
OG0001299	Prad.g_01739	Prat.g_00258
OG0001300	Prad.g_00736	Prat.g_00375
OG0001301	Prad.g_01426	Prat.g_01088
OG0001303	Prad.g_01100	Prat.g_01217
OG0001305	Prad.g_01022	Prat.g_00961
OG0001306	Prad.g_00988	Prat.g_00817
OG0001308	Prad.g_00647	Prat.g_01470
OG0001309	Prad.g_00649	Prat.g_01831
OG0001312	Prad.g_00610	Prat.g_01284
OG0001314	Prad.g_00918	Prat.g_01614
OG0001315	Prad.g_00883	Prat.g_01651
OG0001316	Prad.g_00773	Prat.g_01763
OG0001318	Prad.g_01852	Prat.g_00140
OG0001319	Prad.g_01753	Prat.g_00243
OG0001320	Prad.g_00039	Prat.g_01215
OG0001321	Prad.g_01207	Prat.g_00600
OG0001322	Prad.g_01126	Prat.g_00852
OG0001323	Prad.g_01003	Prat.g_00704
OG0001325	Prad.g_00653	Prat.g_01234, Prat.g_01492
OG0001326	Prad.g_00338	Prat.g_01489
OG0001327	Prad.g_00340	Prat.g_01468
OG0001328	Prad.g_00623	Prat.g_01254
OG0001329	Prad.g_00574	Prat.g_01877
OG0001330	Prad.g_00424	Prat.g_01446
OG0001331	Prad.g_00944	Prat.g_01588
OG0001332	Prad.g_00894	Prat.g_01640
OG0001333	Prad.g_00803	Prat.g_01730
OG0001334	Prad.g_01629	Prat.g_01790
OG0001335	Prad.g_01593	Prat.g_01827
OG0001336	Prad.g_01865	Prat.g_00127
OG0001337	Prad.g_01875	Prat.g_00117
OG0001338	Prad.g_01847	Prat.g_00379, Prat.g_00385
OG0001339	Prad.g_01788	Prat.g_00205
OG0001340	Prad.g_01743	Prat.g_00254
OG0001341	Prad.g_01730	Prat.g_00268
OG0001342	Prad.g_01711	Prat.g_00287
OG0001343	Prad.g_01652	Prat.g_00353
OG0001344	Prad.g_00731	Prat.g_01546
OG0001345	Prad.g_00668	Prat.g_00394
OG0001346	Prad.g_00035	Prat.g_00431
OG0001347	Prad.g_00021	Prat.g_00446
OG0001348	Prad.g_00125	Prat.g_01485, Prat.g_00467
OG0001349	Prad.g_00120	Prat.g_00472
OG0001350	Prad.g_00115	Prat.g_00477
OG0001351	Prad.g_01366	Prat.g_00541
OG0001352	Prad.g_01256	Prat.g_01577, Prat.g_00755
OG0001353	Prad.g_01277	Prat.g_00228
OG0001355	Prad.g_00307	Prat.g_00997
OG0001356	Prad.g_00262	Prat.g_00692
OG0001357	Prad.g_00158	Prat.g_00922
OG0001358	Prad.g_00138	Prat.g_00936
OG0001359	Prad.g_01525	Prat.g_01555
OG0001360	Prad.g_01524	Prat.g_01554
OG0001361	Prad.g_01445	Prat.g_01102
OG0001362	Prad.g_01216	Prat.g_00828
OG0001364	Prad.g_00444	Prat.g_01433
OG0001365	Prad.g_00376	Prat.g_01460
OG0001366	Prad.g_00904	Prat.g_01629
OG0001368	Prad.g_01622	Prat.g_01798
OG0001371	Prad.g_01926	Prat.g_00063
OG0001372	Prad.g_01925	Prat.g_00065
OG0001373	Prad.g_01918	Prat.g_00072
OG0001374	Prad.g_01906	Prat.g_00085
OG0001375	Prad.g_01858	Prat.g_00135
OG0001376	Prad.g_01757	Prat.g_00239
OG0001377	Prad.g_01735	Prat.g_00263
OG0001378	Prad.g_01719	Prat.g_00280
OG0001379	Prad.g_00748	Prat.g_01396
OG0001380	Prad.g_01980	Prat.g_00771
OG0001381	Prad.g_00053	Prat.g_00416
OG0001382	Prad.g_00046	Prat.g_00423
OG0001383	Prad.g_00118	Prat.g_00474
OG0001385	Prad.g_01240	Prat.g_01057
OG0001386	Prad.g_01248	Prat.g_00748
OG0001387	Prad.g_01250	Prat.g_00750
OG0001388	Prad.g_01260	Prat.g_00760
OG0001389	Prad.g_01054	Prat.g_00793
OG0001390	Prad.g_01090	Prat.g_01225
OG0001391	Prad.g_01131	Prat.g_00858
OG0001392	Prad.g_00263	Prat.g_00691
OG0001393	Prad.g_00261	Prat.g_00693
OG0001394	Prad.g_00240	Prat.g_00721
OG0001395	Prad.g_00237	Prat.g_00724
OG0001396	Prad.g_00154	Prat.g_01550
OG0001397	Prad.g_01034	Prat.g_00949
OG0001398	Prad.g_01014	Prat.g_00969
OG0001399	Prad.g_01005	Prat.g_00679
OG0001400	Prad.g_00997	Prat.g_01521
OG0001401	Prad.g_01320	Prat.g_00655
OG0001402	Prad.g_01510	Prat.g_01170
OG0001403	Prad.g_00627	Prat.g_01250
OG0001404	Prad.g_00603	Prat.g_00825
OG0001405	Prad.g_00593	Prat.g_01292
OG0001406	Prad.g_00475	Prat.g_01397
OG0001407	Prad.g_00472	Prat.g_01402
OG0001408	Prad.g_00423	Prat.g_01447
OG0001409	Prad.g_00409	Prat.g_00646
OG0001410	Prad.g_00395	Prat.g_00827
OG0001412	Prad.g_00205	Prat.g_00872
OG0001413	Prad.g_01213	Prat.g_00619
OG0001415	Prad.g_01665	Prat.g_00333
OG0001416	Prad.g_00108	Prat.g_00484
OG0001417	Prad.g_01249	Prat.g_00749
OG0001418	Prad.g_01103	Prat.g_01524
OG0001419	Prad.g_01135	Prat.g_00864
OG0001420	Prad.g_00259	Prat.g_00695
OG0001421	Prad.g_00255	Prat.g_00700
OG0001422	Prad.g_01000	Prat.g_01226
OG0001423	Prad.g_01523	Prat.g_00624
OG0001424	Prad.g_00074	Prat.g_01449
OG0001426	Prad.g_01550	Prat.g_01878
OG0001428	Prad.g_00560	Prat.g_01323
OG0001432	Prad.g_00996	Prat.g_01522
OG0001433	Prad.g_00312	Prat.g_00668
OG0001435	Prad.g_00411	Prat.g_00649
OG0001437	Prad.g_01045	Prat.g_00849
OG0001439	Prad.g_01178	Prat.g_01005
OG0001440	Prad.g_00134	Prat.g_00941
OG0001441	Prad.g_00640	Prat.g_01523
OG0001443	Prad.g_01513	Prat.g_01173
OG0001445	Prad.g_01202	Prat.g_00381
OG0001446	Prad.g_01204	Prat.g_00380
OG0001447	Prad.g_01205	Prat.g_01195
OG0001452	Prad.g_01573	Prat.g_01848
OG0001454	Prad.g_00743	Prat.g_00658
OG0001455	Prad.g_01191	Prat.g_01505
OG0001457	Prad.g_01276	Prat.g_00779
OG0001459	Prad.g_01124	Prat.g_01290
OG0001460	Prad.g_00285	Prat.g_00833
OG0001461	Prad.g_00213	Prat.g_01047
OG0001462	Prad.g_00146	Prat.g_01194
OG0001463	Prad.g_01006	Prat.g_00420
OG0001464	Prad.g_01001	Prat.g_00654
OG0001465	Prad.g_00334	Prat.g_01216
OG0001466	Prad.g_00348	Prat.g_00635
OG0001467	Prad.g_00518	Prat.g_01349
OG0001468	Prad.g_00780	Prat.g_01755
OG0001470	Prad.g_01671	Prat.g_00327
OG0001472	Prad.g_00286	Prat.g_00972
OG0001473	Prad.g_00277	Prat.g_00857
OG0001481	Prad.g_01480	Prat.g_01138
OG0001482	Prad.g_01318, Prad.g_01985	Prat.g_01237
OG0001483	Prad.g_00364	Prat.g_01243
OG0001486	Prad.g_00225	Prat.g_00737
OG0001488	Prad.g_01819	Prat.g_00173
OG0001491	Prad.g_01121	Prat.g_00643
OG0001504	Prad.g_00230	Prat.g_00732
OG0001505	Prad.g_01189	Prat.g_00460
OG0001506	Prad.g_00984	Prat.g_01198
OG0001507	Prad.g_01514	Prat.g_01174
OG0001510	Prad.g_00788	Prat.g_01747
OG0001522	Prad.g_00075, Prad.g_00962	Prat.g_00656
OG0001523	Prad.g_01933	Prat.g_00667
OG0001524	Prad.g_00733	Prat.g_00620
OG0001525	Prad.g_00048	Prat.g_00421
OG0001536	Prad.g_00636	Prat.g_00631
OG0001544	Prad.g_00082	Prat.g_01517
OG0001546	Prad.g_01046	Prat.g_00850
OG0001589	Prad.g_00387	Prat.g_01458
OG0001590	Prad.g_01698	Prat.g_00301
OG0001593	Prad.g_00047	Prat.g_00422
OG0001598	Prad.g_00257	Prat.g_00697
OG0001605	Prad.g_00857	Prat.g_01681
OG0001610	Prad.g_01275	Prat.g_00778
OG0001613	Prad.g_00278	Prat.g_01454
OG0001614	Prad.g_00160	Prat.g_00920
OG0001631	Prad.g_01437	Prat.g_00596
OG0001714	Prad.g_00573	Prat.g_01395
OG0001735	Prad.g_00079	Prat.g_01551, Prat.g_01564, Prat.g_01535
OG0001736	Prad.g_00229	Prat.g_00733
OG0001847	Prad.g_00402	Prat.g_00077
OG0001851	Prad.g_01042	Prat.g_00846
OG0001859	Prad.g_01733	Prat.g_00265
OG0001879	Prad.g_00085	Prat.g_01566
OG0001916	Prad.g_01040	Prat.g_00844
OG0001917	Prad.g_01041	Prat.g_00845
OG0001918	Prad.g_01322	Prat.g_00837
OG0001955	Prad.g_01209	Prat.g_01543
OG0001962	Prad.g_00543	Prat.g_00786
OG0001963	Prad.g_00544	Prat.g_00785
OG0001964	Prad.g_00545	Prat.g_00784
OG0002033	Prad.g_00953, Prad.g_01211	Prat.g_01582
OG0002548	Prad.g_01043	Prat.g_00847
OG0002549	Prad.g_01044	Prat.g_00848
OG0002551	Prad.g_01323	Prat.g_00838
OG0002552	Prad.g_01325	Prat.g_00840
OG0002553	Prad.g_01327	Prat.g_00842
OG0003098	Prad.g_01324	Prat.g_00839
OG0003099	Prad.g_01326	Prat.g_00841
