Orthogroup	Syaq	Prba
OG0000004	Syaq.g_02603	Prba.g_01622
OG0000004	Syaq.g_02042, Syaq.g_01567	Prba.g_00451
OG0000005	Syaq.g_01658	Prba.g_00607
OG0000005	Syaq.g_01692	Prba.g_00312
OG0000006	Syaq.g_02558, Syaq.g_00696, Syaq.g_01590	Prba.g_00460
OG0000007	Syaq.g_01793	Prba.g_00964
OG0000007	Syaq.g_01673	Prba.g_00226
OG0000008	Syaq.g_02162	Prba.g_01131
OG0000009	Syaq.g_01489	Prba.g_01893
OG0000010	Syaq.g_00443	Prba.g_01256, Prba.g_00987
OG0000011	Syaq.g_01038	Prba.g_00900, Prba.g_01165, Prba.g_01132
OG0000012	Syaq.g_02059	Prba.g_01694
OG0000013	Syaq.g_00569, Syaq.g_00572, Syaq.g_02023	Prba.g_00543
OG0000014	Syaq.g_00862	Prba.g_00522
OG0000015	Syaq.g_02255	Prba.g_01538
OG0000016	Syaq.g_01136	Prba.g_01806
OG0000017	Syaq.g_01992	Prba.g_01719
OG0000018	Syaq.g_00401	Prba.g_00083, Prba.g_01472
OG0000019	Syaq.g_00717	Prba.g_00468, Prba.g_01519
OG0000022	Syaq.g_02126	Prba.g_01543, Prba.g_00101
OG0000023	Syaq.g_02540	Prba.g_00854
OG0000025	Syaq.g_02381	Prba.g_01464, Prba.g_00547
OG0000026	Syaq.g_01114	Prba.g_01824, Prba.g_01249
OG0000028	Syaq.g_00878	Prba.g_00536, Prba.g_01126
OG0000030	Syaq.g_01047, Syaq.g_01048	Prba.g_00778
OG0000031	Syaq.g_01009	Prba.g_00173
OG0000032	Syaq.g_00909	Prba.g_00149
OG0000033	Syaq.g_01399	Prba.g_00625
OG0000034	Syaq.g_00312, Syaq.g_01431	Prba.g_01202
OG0000035	Syaq.g_00372	Prba.g_00713
OG0000037	Syaq.g_01483	Prba.g_01897
OG0000038	Syaq.g_01260, Syaq.g_01258	Prba.g_00819
OG0000039	Syaq.g_01601, Syaq.g_01241	Prba.g_01631
OG0000042	Syaq.g_00200, Syaq.g_01044	Prba.g_00775
OG0000043	Syaq.g_01920	Prba.g_01138
OG0000045	Syaq.g_02047	Prba.g_00865
OG0000048	Syaq.g_00749	Prba.g_00868
OG0000052	Syaq.g_00969	Prba.g_00160
OG0000053	Syaq.g_00397	Prba.g_00693
OG0000054	Syaq.g_02005	Prba.g_01711
OG0000055	Syaq.g_02700	Prba.g_01518
OG0000057	Syaq.g_02605	Prba.g_01619
OG0000058	Syaq.g_00944	Prba.g_00153
OG0000059	Syaq.g_00657	Prba.g_00381, Prba.g_00127
OG0000061	Syaq.g_00249	Prba.g_00064
OG0000063	Syaq.g_01110	Prba.g_01826
OG0000065	Syaq.g_01908, Syaq.g_01487	Prba.g_01895
OG0000066	Syaq.g_01851	Prba.g_00922
OG0000067	Syaq.g_02340	Prba.g_01499
OG0000068	Syaq.g_01763	Prba.g_00196
OG0000070	Syaq.g_00484	Prba.g_01011
OG0000071	Syaq.g_00297	Prba.g_01192
OG0000072	Syaq.g_01397	Prba.g_00627
OG0000073	Syaq.g_01795	Prba.g_00962
OG0000075	Syaq.g_00986	Prba.g_01071
OG0000076	Syaq.g_01028	Prba.g_00768
OG0000077	Syaq.g_01547	Prba.g_01866
OG0000078	Syaq.g_01585	Prba.g_00458
OG0000079	Syaq.g_00721	Prba.g_00471
OG0000081	Syaq.g_01893	Prba.g_00930
OG0000082	Syaq.g_01975	Prba.g_01731
OG0000084	Syaq.g_00367	Prba.g_00717
OG0000085	Syaq.g_01683	Prba.g_00233
OG0000086	Syaq.g_01525	Prba.g_01876
OG0000087	Syaq.g_01438	Prba.g_01927
OG0000088	Syaq.g_01402	Prba.g_00622
OG0000089	Syaq.g_00529	Prba.g_00850
OG0000090	Syaq.g_01838	Prba.g_00928
OG0000091	Syaq.g_02090	Prba.g_01675
OG0000094	Syaq.g_00056, Syaq.g_02554	Prba.g_01283
OG0000097	Syaq.g_00167	Prba.g_00022
OG0000098	Syaq.g_02221	Prba.g_00214
OG0000099	Syaq.g_00882	Prba.g_00155
OG0000100	Syaq.g_02371	Prba.g_00314
OG0000101	Syaq.g_00607	Prba.g_00429
OG0000102	Syaq.g_01033	Prba.g_00773
OG0000103	Syaq.g_01170	Prba.g_01781
OG0000104	Syaq.g_01154	Prba.g_01789
OG0000105	Syaq.g_00754	Prba.g_00491
OG0000106	Syaq.g_01863	Prba.g_00864
OG0000108	Syaq.g_01772	Prba.g_00981
OG0000109	Syaq.g_01788	Prba.g_00967
OG0000110	Syaq.g_01962	Prba.g_01741
OG0000111	Syaq.g_02606	Prba.g_01618
OG0000112	Syaq.g_02476	Prba.g_01534
OG0000114	Syaq.g_02269	Prba.g_01395
OG0000115	Syaq.g_00395	Prba.g_00743
OG0000116	Syaq.g_00263	Prba.g_00074
OG0000117	Syaq.g_00203	Prba.g_01135
OG0000118	Syaq.g_00325, Syaq.g_00316	Prba.g_01204
OG0000120	Syaq.g_00883	Prba.g_00175
OG0000121	Syaq.g_00375	Prba.g_00711
OG0000122	Syaq.g_02118	Prba.g_00348
OG0000123	Syaq.g_00599	Prba.g_00436
OG0000124	Syaq.g_01055	Prba.g_00784
OG0000125	Syaq.g_01256	Prba.g_01089, Prba.g_00821
OG0000126	Syaq.g_01156	Prba.g_01788
OG0000128	Syaq.g_01138	Prba.g_01804
OG0000129	Syaq.g_01269	Prba.g_01838
OG0000130	Syaq.g_01559	Prba.g_01857
OG0000131	Syaq.g_01427, Syaq.g_01424	Prba.g_01933
OG0000132	Syaq.g_01404	Prba.g_01952
OG0000133	Syaq.g_02481	Prba.g_00538
OG0000134	Syaq.g_00526	Prba.g_00851
OG0000135	Syaq.g_01227	Prba.g_00877
OG0000136	Syaq.g_00496	Prba.g_01020
OG0000137	Syaq.g_00442	Prba.g_00986
OG0000138	Syaq.g_01789	Prba.g_00966
OG0000139	Syaq.g_01844	Prba.g_00924
OG0000140	Syaq.g_01848	Prba.g_00923
OG0000141	Syaq.g_02010	Prba.g_01710
OG0000142	Syaq.g_02082	Prba.g_01682
OG0000143	Syaq.g_02086	Prba.g_01678
OG0000144	Syaq.g_02152	Prba.g_01665
OG0000145	Syaq.g_01796	Prba.g_01541
OG0000146	Syaq.g_02475	Prba.g_01533
OG0000147	Syaq.g_02474	Prba.g_01532
OG0000148	Syaq.g_02359	Prba.g_01483
OG0000149	Syaq.g_02395	Prba.g_01452
OG0000150	Syaq.g_02011	Prba.g_01444
OG0000151	Syaq.g_02283	Prba.g_01385
OG0000152	Syaq.g_02485	Prba.g_01337
OG0000153	Syaq.g_02518	Prba.g_01318
OG0000154	Syaq.g_00066	Prba.g_01290
OG0000155	Syaq.g_00212	Prba.g_00043
OG0000156	Syaq.g_00281	Prba.g_01181
OG0000157	Syaq.g_00282	Prba.g_01182
OG0000158	Syaq.g_01003	Prba.g_00154
OG0000159	Syaq.g_00918, Syaq.g_00941	Prba.g_00152
OG0000160	Syaq.g_00374	Prba.g_00712
OG0000161	Syaq.g_00382	Prba.g_00706
OG0000162	Syaq.g_00389	Prba.g_00700
OG0000163	Syaq.g_01730	Prba.g_00341
OG0000164	Syaq.g_01642	Prba.g_00596
OG0000165	Syaq.g_01630	Prba.g_00589
OG0000166	Syaq.g_00647	Prba.g_00393
OG0000167	Syaq.g_00983	Prba.g_01069
OG0000168	Syaq.g_01004	Prba.g_01079
OG0000169	Syaq.g_01016	Prba.g_00761
OG0000170	Syaq.g_01023	Prba.g_00763
OG0000171	Syaq.g_01052	Prba.g_00783
OG0000172	Syaq.g_01074	Prba.g_00792
OG0000173	Syaq.g_01092	Prba.g_00807
OG0000174	Syaq.g_01224	Prba.g_00835
OG0000175	Syaq.g_01183	Prba.g_00845
OG0000176	Syaq.g_01146	Prba.g_01797
OG0000177	Syaq.g_01145	Prba.g_01798
OG0000178	Syaq.g_01144	Prba.g_01799
OG0000179	Syaq.g_01129	Prba.g_01809
OG0000180	Syaq.g_01128	Prba.g_01810
OG0000181	Syaq.g_01127	Prba.g_01811
OG0000182	Syaq.g_01126	Prba.g_01812
OG0000183	Syaq.g_01122	Prba.g_01816
OG0000184	Syaq.g_01277	Prba.g_01840
OG0000185	Syaq.g_01290	Prba.g_01843
OG0000186	Syaq.g_01563	Prba.g_01852
OG0000187	Syaq.g_01561	Prba.g_01853
OG0000188	Syaq.g_01539	Prba.g_01870
OG0000189	Syaq.g_01499	Prba.g_01884
OG0000190	Syaq.g_01497	Prba.g_01885
OG0000191	Syaq.g_01467	Prba.g_01905
OG0000192	Syaq.g_01462	Prba.g_01909
OG0000193	Syaq.g_01423	Prba.g_01934
OG0000194	Syaq.g_01420	Prba.g_01937
OG0000195	Syaq.g_01418	Prba.g_01939
OG0000196	Syaq.g_01407	Prba.g_01949
OG0000197	Syaq.g_01406	Prba.g_01950
OG0000198	Syaq.g_01405	Prba.g_01951
OG0000199	Syaq.g_01398	Prba.g_00626
OG0000200	Syaq.g_01382	Prba.g_00640
OG0000201	Syaq.g_01365	Prba.g_00648
OG0000202	Syaq.g_01364	Prba.g_00649
OG0000203	Syaq.g_01363	Prba.g_00650
OG0000204	Syaq.g_01362	Prba.g_00651
OG0000205	Syaq.g_01355	Prba.g_00658
OG0000206	Syaq.g_01345	Prba.g_00663
OG0000207	Syaq.g_01338	Prba.g_00665
OG0000208	Syaq.g_01337	Prba.g_00666
OG0000209	Syaq.g_01310	Prba.g_00675
OG0000210	Syaq.g_01309	Prba.g_00439
OG0000211	Syaq.g_01570	Prba.g_00452
OG0000212	Syaq.g_01586	Prba.g_00459
OG0000213	Syaq.g_00729	Prba.g_00476
OG0000214	Syaq.g_00745	Prba.g_00485
OG0000215	Syaq.g_00777	Prba.g_00509
OG0000216	Syaq.g_00781	Prba.g_00510
OG0000217	Syaq.g_00844	Prba.g_00513
OG0000218	Syaq.g_00846	Prba.g_00515
OG0000219	Syaq.g_00847	Prba.g_00516
OG0000220	Syaq.g_00848	Prba.g_00517
OG0000221	Syaq.g_00856	Prba.g_00518
OG0000222	Syaq.g_00868	Prba.g_00526
OG0000223	Syaq.g_00946	Prba.g_00539
OG0000224	Syaq.g_00950	Prba.g_00541
OG0000225	Syaq.g_00543	Prba.g_00562
OG0000226	Syaq.g_00536	Prba.g_00221
OG0000227	Syaq.g_00534	Prba.g_00223
OG0000228	Syaq.g_00531	Prba.g_00849
OG0000229	Syaq.g_00501	Prba.g_01025
OG0000230	Syaq.g_00499	Prba.g_01023
OG0000231	Syaq.g_00485	Prba.g_01012
OG0000232	Syaq.g_00472	Prba.g_01003
OG0000233	Syaq.g_00464	Prba.g_00998
OG0000234	Syaq.g_00440	Prba.g_00985
OG0000235	Syaq.g_01771	Prba.g_00982
OG0000236	Syaq.g_01787	Prba.g_00968
OG0000237	Syaq.g_01805	Prba.g_00955
OG0000238	Syaq.g_01810	Prba.g_00949
OG0000239	Syaq.g_01826	Prba.g_00936
OG0000240	Syaq.g_01827	Prba.g_00935
OG0000241	Syaq.g_02074	Prba.g_00931
OG0000242	Syaq.g_01836	Prba.g_00929
OG0000243	Syaq.g_01922	Prba.g_01772
OG0000244	Syaq.g_01928	Prba.g_01769
OG0000245	Syaq.g_01930	Prba.g_01767
OG0000246	Syaq.g_01934	Prba.g_01763
OG0000247	Syaq.g_01945	Prba.g_01753
OG0000248	Syaq.g_01948	Prba.g_01751
OG0000249	Syaq.g_01950	Prba.g_01749
OG0000250	Syaq.g_01958	Prba.g_01744
OG0000251	Syaq.g_01984	Prba.g_01726
OG0000252	Syaq.g_01987	Prba.g_01723
OG0000253	Syaq.g_01989	Prba.g_01722
OG0000254	Syaq.g_02016	Prba.g_01706
OG0000255	Syaq.g_02041	Prba.g_01700
OG0000256	Syaq.g_02068	Prba.g_01690
OG0000257	Syaq.g_02073	Prba.g_01687
OG0000258	Syaq.g_02095	Prba.g_01674
OG0000259	Syaq.g_02239	Prba.g_01657
OG0000260	Syaq.g_02242	Prba.g_01654
OG0000261	Syaq.g_02245	Prba.g_01652
OG0000262	Syaq.g_02250	Prba.g_01648
OG0000263	Syaq.g_00185	Prba.g_01636
OG0000264	Syaq.g_02582	Prba.g_01626
OG0000266	Syaq.g_00037	Prba.g_01584
OG0000267	Syaq.g_02430	Prba.g_01573
OG0000268	Syaq.g_02431	Prba.g_01572
OG0000269	Syaq.g_02335	Prba.g_01504
OG0000270	Syaq.g_02338	Prba.g_01501
OG0000271	Syaq.g_02346	Prba.g_01493
OG0000272	Syaq.g_02347	Prba.g_01492
OG0000273	Syaq.g_02376	Prba.g_01469
OG0000274	Syaq.g_02377	Prba.g_01468
OG0000275	Syaq.g_02380	Prba.g_01465
OG0000276	Syaq.g_02387	Prba.g_01460
OG0000277	Syaq.g_02388	Prba.g_01459
OG0000278	Syaq.g_02391	Prba.g_01456
OG0000279	Syaq.g_02401	Prba.g_01449
OG0000280	Syaq.g_02410	Prba.g_01448
OG0000281	Syaq.g_02224	Prba.g_01443
OG0000282	Syaq.g_02271	Prba.g_01393
OG0000283	Syaq.g_02445	Prba.g_01360
OG0000284	Syaq.g_02450	Prba.g_01355
OG0000285	Syaq.g_02466	Prba.g_01350
OG0000286	Syaq.g_02484	Prba.g_01338
OG0000288	Syaq.g_00067	Prba.g_01291
OG0000289	Syaq.g_00053	Prba.g_01280
OG0000290	Syaq.g_02682	Prba.g_01267
OG0000291	Syaq.g_02680	Prba.g_01265
OG0000292	Syaq.g_01157	Prba.g_01216
OG0000293	Syaq.g_00262	Prba.g_00073
OG0000294	Syaq.g_00261	Prba.g_00072
OG0000295	Syaq.g_00220	Prba.g_00051
OG0000296	Syaq.g_00218	Prba.g_00049
OG0000297	Syaq.g_00205	Prba.g_00041
OG0000298	Syaq.g_00204	Prba.g_00040
OG0000299	Syaq.g_00171	Prba.g_00023
OG0000300	Syaq.g_00164	Prba.g_00020
OG0000301	Syaq.g_00163	Prba.g_00019
OG0000302	Syaq.g_00162	Prba.g_00017
OG0000303	Syaq.g_00152	Prba.g_00010
OG0000304	Syaq.g_00146	Prba.g_00006
OG0000305	Syaq.g_02677	Prba.g_00204
OG0000306	Syaq.g_01861	Prba.g_00201
OG0000307	Syaq.g_01754	Prba.g_00187
OG0000308	Syaq.g_01752	Prba.g_00186
OG0000309	Syaq.g_01747	Prba.g_00182
OG0000310	Syaq.g_00347	Prba.g_00112
OG0000311	Syaq.g_00352	Prba.g_00110
OG0000312	Syaq.g_00359	Prba.g_00107
OG0000313	Syaq.g_00379	Prba.g_00709
OG0000314	Syaq.g_00408	Prba.g_00686
OG0000315	Syaq.g_00418	Prba.g_00351, Prba.g_00676
OG0000316	Syaq.g_01716	Prba.g_00331
OG0000317	Syaq.g_01675	Prba.g_00228
OG0000318	Syaq.g_01672	Prba.g_00619
OG0000319	Syaq.g_01657	Prba.g_00606
OG0000320	Syaq.g_01655	Prba.g_00604
OG0000321	Syaq.g_01654	Prba.g_00603
OG0000322	Syaq.g_01653	Prba.g_00602
OG0000323	Syaq.g_01638	Prba.g_00593
OG0000324	Syaq.g_01605	Prba.g_00567
OG0000325	Syaq.g_00693	Prba.g_00358
OG0000326	Syaq.g_00686	Prba.g_00364
OG0000327	Syaq.g_00652	Prba.g_00388
OG0000328	Syaq.g_00651	Prba.g_00389
OG0000329	Syaq.g_00633	Prba.g_00406
OG0000330	Syaq.g_00632	Prba.g_00407
OG0000331	Syaq.g_00631	Prba.g_00408
OG0000332	Syaq.g_00616	Prba.g_00422
OG0000333	Syaq.g_00613	Prba.g_00424
OG0000334	Syaq.g_00603	Prba.g_00432
OG0000335	Syaq.g_00598	Prba.g_00437
OG0000336	Syaq.g_00594	Prba.g_01050
OG0000337	Syaq.g_00975	Prba.g_01067
OG0000338	Syaq.g_00981	Prba.g_01068
OG0000339	Syaq.g_00988	Prba.g_01072
OG0000340	Syaq.g_01005	Prba.g_00752
OG0000341	Syaq.g_01007	Prba.g_00754
OG0000342	Syaq.g_01008	Prba.g_00755
OG0000343	Syaq.g_01010	Prba.g_00756
OG0000344	Syaq.g_01014	Prba.g_00759
OG0000345	Syaq.g_01024	Prba.g_00764
OG0000346	Syaq.g_01029	Prba.g_00769
OG0000347	Syaq.g_01057	Prba.g_00785
OG0000348	Syaq.g_01070	Prba.g_00795
OG0000349	Syaq.g_01099	Prba.g_00812
OG0000350	Syaq.g_00679	Prba.g_00831
OG0000351	Syaq.g_01179	Prba.g_00848, Prba.g_01776
OG0000352	Syaq.g_01178	Prba.g_01777
OG0000353	Syaq.g_01151	Prba.g_01792
OG0000355	Syaq.g_01149	Prba.g_01794
OG0000356	Syaq.g_01148	Prba.g_01795
OG0000357	Syaq.g_01147	Prba.g_01796
OG0000358	Syaq.g_01143	Prba.g_01800
OG0000359	Syaq.g_01141	Prba.g_01801
OG0000360	Syaq.g_01140	Prba.g_01802
OG0000361	Syaq.g_01139	Prba.g_01803
OG0000362	Syaq.g_01137	Prba.g_01805
OG0000363	Syaq.g_01135	Prba.g_01807
OG0000364	Syaq.g_01134	Prba.g_01808
OG0000365	Syaq.g_01125	Prba.g_01813
OG0000366	Syaq.g_01124	Prba.g_01814
OG0000367	Syaq.g_01123	Prba.g_01815
OG0000368	Syaq.g_01121	Prba.g_01817
OG0000369	Syaq.g_01120	Prba.g_01818
OG0000370	Syaq.g_01119	Prba.g_01819
OG0000371	Syaq.g_01111	Prba.g_01825
OG0000372	Syaq.g_01106	Prba.g_01828
OG0000373	Syaq.g_01105	Prba.g_01829
OG0000374	Syaq.g_01104	Prba.g_01830
OG0000375	Syaq.g_01103	Prba.g_01834
OG0000376	Syaq.g_01101	Prba.g_01836
OG0000377	Syaq.g_01270	Prba.g_01839
OG0000378	Syaq.g_01286	Prba.g_01841
OG0000379	Syaq.g_01291	Prba.g_01844
OG0000380	Syaq.g_01560	Prba.g_01854
OG0000381	Syaq.g_01558	Prba.g_01858
OG0000382	Syaq.g_01540	Prba.g_01869
OG0000383	Syaq.g_01535	Prba.g_01871
OG0000384	Syaq.g_01534	Prba.g_01872
OG0000385	Syaq.g_01533	Prba.g_01873
OG0000386	Syaq.g_01532	Prba.g_01874
OG0000387	Syaq.g_01495	Prba.g_01887
OG0000388	Syaq.g_01491	Prba.g_01890
OG0000389	Syaq.g_01488	Prba.g_01894
OG0000390	Syaq.g_01473	Prba.g_01901
OG0000391	Syaq.g_01468	Prba.g_01904
OG0000392	Syaq.g_01463	Prba.g_01908
OG0000393	Syaq.g_01460	Prba.g_01910
OG0000394	Syaq.g_01459	Prba.g_01911
OG0000395	Syaq.g_01458	Prba.g_01912
OG0000396	Syaq.g_01455	Prba.g_01915
OG0000397	Syaq.g_01453	Prba.g_01917
OG0000398	Syaq.g_01448	Prba.g_01919
OG0000399	Syaq.g_01447	Prba.g_01920
OG0000400	Syaq.g_01446	Prba.g_01921
OG0000401	Syaq.g_01445	Prba.g_01922
OG0000402	Syaq.g_01443	Prba.g_01924
OG0000403	Syaq.g_01442	Prba.g_01925
OG0000404	Syaq.g_01440	Prba.g_01926
OG0000405	Syaq.g_01429	Prba.g_01930
OG0000406	Syaq.g_01422	Prba.g_01935
OG0000407	Syaq.g_01421	Prba.g_01936
OG0000408	Syaq.g_01419	Prba.g_01938
OG0000409	Syaq.g_01417	Prba.g_01940
OG0000410	Syaq.g_01416	Prba.g_01941
OG0000411	Syaq.g_01415	Prba.g_01942
OG0000412	Syaq.g_01414	Prba.g_01943
OG0000413	Syaq.g_01412	Prba.g_01944
OG0000414	Syaq.g_01411	Prba.g_01945
OG0000415	Syaq.g_01410	Prba.g_01946
OG0000416	Syaq.g_01409	Prba.g_01947
OG0000417	Syaq.g_01408	Prba.g_01948
OG0000418	Syaq.g_01403	Prba.g_01953
OG0000419	Syaq.g_01401	Prba.g_00623
OG0000420	Syaq.g_01400	Prba.g_00624
OG0000421	Syaq.g_01395	Prba.g_00629
OG0000422	Syaq.g_01394	Prba.g_00630
OG0000423	Syaq.g_01393	Prba.g_00631
OG0000424	Syaq.g_01392	Prba.g_00632
OG0000425	Syaq.g_01391	Prba.g_00633
OG0000426	Syaq.g_01390	Prba.g_00634
OG0000427	Syaq.g_01389	Prba.g_00635
OG0000428	Syaq.g_01386	Prba.g_00637
OG0000429	Syaq.g_01384	Prba.g_00638
OG0000430	Syaq.g_01383	Prba.g_00639
OG0000431	Syaq.g_01380	Prba.g_00641
OG0000432	Syaq.g_01374	Prba.g_00644
OG0000433	Syaq.g_01369	Prba.g_00645
OG0000434	Syaq.g_01368	Prba.g_00646
OG0000435	Syaq.g_01367	Prba.g_00647
OG0000436	Syaq.g_01361	Prba.g_00652
OG0000437	Syaq.g_01360	Prba.g_00653
OG0000438	Syaq.g_01359	Prba.g_00654
OG0000439	Syaq.g_01357	Prba.g_00656
OG0000440	Syaq.g_01356	Prba.g_00657
OG0000441	Syaq.g_01352	Prba.g_00660
OG0000442	Syaq.g_01350	Prba.g_00661
OG0000443	Syaq.g_01347	Prba.g_00662
OG0000444	Syaq.g_01333	Prba.g_00667
OG0000445	Syaq.g_01332	Prba.g_00668
OG0000446	Syaq.g_01330	Prba.g_00669
OG0000447	Syaq.g_01328	Prba.g_00670
OG0000448	Syaq.g_01327	Prba.g_00671
OG0000449	Syaq.g_01320	Prba.g_00672
OG0000450	Syaq.g_01313	Prba.g_00673
OG0000451	Syaq.g_01312	Prba.g_00674
OG0000452	Syaq.g_01308	Prba.g_00440
OG0000453	Syaq.g_01307	Prba.g_00441
OG0000454	Syaq.g_01306	Prba.g_00442
OG0000455	Syaq.g_01305	Prba.g_00443
OG0000456	Syaq.g_01304	Prba.g_00444
OG0000457	Syaq.g_01302	Prba.g_00445
OG0000458	Syaq.g_01299	Prba.g_00446
OG0000459	Syaq.g_01298	Prba.g_00447
OG0000460	Syaq.g_01577	Prba.g_00454
OG0000461	Syaq.g_00707	Prba.g_00461
OG0000462	Syaq.g_00710	Prba.g_00463
OG0000463	Syaq.g_00711	Prba.g_00464
OG0000464	Syaq.g_00712	Prba.g_00465
OG0000465	Syaq.g_00714	Prba.g_00466
OG0000466	Syaq.g_00718	Prba.g_00469
OG0000467	Syaq.g_00720	Prba.g_00470
OG0000468	Syaq.g_00725	Prba.g_00472
OG0000469	Syaq.g_00739	Prba.g_00480
OG0000470	Syaq.g_00741	Prba.g_00482
OG0000471	Syaq.g_00742	Prba.g_00483
OG0000472	Syaq.g_00744	Prba.g_00484
OG0000473	Syaq.g_00746	Prba.g_00486
OG0000474	Syaq.g_00747	Prba.g_00487
OG0000475	Syaq.g_00748	Prba.g_00488
OG0000476	Syaq.g_00750	Prba.g_00489
OG0000477	Syaq.g_00756	Prba.g_00492
OG0000478	Syaq.g_00757	Prba.g_00493
OG0000479	Syaq.g_00759	Prba.g_00494
OG0000480	Syaq.g_00766	Prba.g_00499
OG0000481	Syaq.g_00768	Prba.g_00501
OG0000482	Syaq.g_00769	Prba.g_00502
OG0000483	Syaq.g_00773	Prba.g_00505
OG0000484	Syaq.g_00774	Prba.g_00506
OG0000485	Syaq.g_00775	Prba.g_00507
OG0000486	Syaq.g_00776	Prba.g_00508
OG0000487	Syaq.g_00782	Prba.g_00511
OG0000488	Syaq.g_00845	Prba.g_00514
OG0000489	Syaq.g_00857	Prba.g_00519
OG0000490	Syaq.g_00864	Prba.g_00524
OG0000491	Syaq.g_00865	Prba.g_00525
OG0000492	Syaq.g_00869	Prba.g_00527
OG0000493	Syaq.g_00870	Prba.g_00528
OG0000494	Syaq.g_00871	Prba.g_00529
OG0000495	Syaq.g_00872	Prba.g_00530
OG0000496	Syaq.g_00873	Prba.g_00531
OG0000497	Syaq.g_00874	Prba.g_00532
OG0000498	Syaq.g_00875	Prba.g_00533
OG0000499	Syaq.g_00876	Prba.g_00534
OG0000500	Syaq.g_00877	Prba.g_00535
OG0000501	Syaq.g_00880	Prba.g_00537
OG0000502	Syaq.g_00953	Prba.g_00540
OG0000503	Syaq.g_00559	Prba.g_00550
OG0000504	Syaq.g_00557	Prba.g_00551
OG0000505	Syaq.g_00556	Prba.g_00552
OG0000506	Syaq.g_00554	Prba.g_00554
OG0000507	Syaq.g_00548	Prba.g_00557
OG0000508	Syaq.g_00544	Prba.g_00561
OG0000509	Syaq.g_00542	Prba.g_00218
OG0000510	Syaq.g_00538	Prba.g_00219
OG0000511	Syaq.g_00537	Prba.g_00220
OG0000512	Syaq.g_00535	Prba.g_00222
OG0000513	Syaq.g_00525	Prba.g_00852
OG0000514	Syaq.g_00514	Prba.g_01030
OG0000515	Syaq.g_00513	Prba.g_01029
OG0000516	Syaq.g_00509	Prba.g_01028
OG0000517	Syaq.g_00502	Prba.g_01026
OG0000518	Syaq.g_00490	Prba.g_01015
OG0000519	Syaq.g_00489	Prba.g_01014
OG0000520	Syaq.g_00488	Prba.g_01013
OG0000521	Syaq.g_00477	Prba.g_01008
OG0000522	Syaq.g_00475	Prba.g_01006
OG0000523	Syaq.g_00474	Prba.g_01005
OG0000524	Syaq.g_00469	Prba.g_01000
OG0000525	Syaq.g_00450	Prba.g_00997
OG0000526	Syaq.g_00448	Prba.g_00996
OG0000527	Syaq.g_00444	Prba.g_00988
OG0000528	Syaq.g_01768	Prba.g_00983
OG0000529	Syaq.g_01773	Prba.g_00980
OG0000530	Syaq.g_01776	Prba.g_00977
OG0000531	Syaq.g_01777	Prba.g_00976
OG0000532	Syaq.g_01780	Prba.g_00974
OG0000533	Syaq.g_01782	Prba.g_00973
OG0000534	Syaq.g_01783	Prba.g_00972
OG0000535	Syaq.g_01784	Prba.g_00971
OG0000536	Syaq.g_01785	Prba.g_00970
OG0000537	Syaq.g_01786	Prba.g_00969
OG0000538	Syaq.g_01798	Prba.g_00961
OG0000539	Syaq.g_01799	Prba.g_00960
OG0000540	Syaq.g_01800	Prba.g_00959
OG0000541	Syaq.g_01801	Prba.g_00958
OG0000542	Syaq.g_01804	Prba.g_00956
OG0000543	Syaq.g_01806	Prba.g_00954
OG0000544	Syaq.g_02567	Prba.g_00953
OG0000545	Syaq.g_01809	Prba.g_00951
OG0000546	Syaq.g_01811	Prba.g_00948
OG0000547	Syaq.g_01813	Prba.g_00946
OG0000548	Syaq.g_01814	Prba.g_00945
OG0000549	Syaq.g_01819	Prba.g_00943
OG0000550	Syaq.g_01824	Prba.g_00938
OG0000551	Syaq.g_01829	Prba.g_00934
OG0000552	Syaq.g_01830	Prba.g_00933
OG0000553	Syaq.g_01834	Prba.g_00932
OG0000554	Syaq.g_01839	Prba.g_00927
OG0000555	Syaq.g_01857	Prba.g_01773
OG0000556	Syaq.g_01925	Prba.g_01771
OG0000557	Syaq.g_01927	Prba.g_01770
OG0000558	Syaq.g_01929	Prba.g_01768
OG0000559	Syaq.g_01933	Prba.g_01764
OG0000560	Syaq.g_01936	Prba.g_01761
OG0000561	Syaq.g_01937	Prba.g_01760
OG0000562	Syaq.g_01938	Prba.g_01759
OG0000563	Syaq.g_01939	Prba.g_01758
OG0000564	Syaq.g_01940	Prba.g_01757
OG0000565	Syaq.g_01943	Prba.g_01754
OG0000566	Syaq.g_01947	Prba.g_01752
OG0000567	Syaq.g_01951	Prba.g_01748
OG0000568	Syaq.g_01954	Prba.g_01747
OG0000569	Syaq.g_01955	Prba.g_01746
OG0000570	Syaq.g_01956	Prba.g_01745
OG0000571	Syaq.g_01960	Prba.g_01743
OG0000572	Syaq.g_01977	Prba.g_01730
OG0000573	Syaq.g_01985	Prba.g_01725
OG0000574	Syaq.g_01986	Prba.g_01724
OG0000575	Syaq.g_01991	Prba.g_01720
OG0000576	Syaq.g_01993	Prba.g_01718
OG0000577	Syaq.g_01994	Prba.g_01717
OG0000578	Syaq.g_01995	Prba.g_01716
OG0000579	Syaq.g_01996	Prba.g_01715
OG0000580	Syaq.g_01997	Prba.g_01714
OG0000581	Syaq.g_02003	Prba.g_01712
OG0000582	Syaq.g_02012	Prba.g_01709
OG0000583	Syaq.g_02013	Prba.g_01708
OG0000584	Syaq.g_02014	Prba.g_01707
OG0000585	Syaq.g_02017	Prba.g_01705
OG0000586	Syaq.g_02018	Prba.g_01704
OG0000587	Syaq.g_02020	Prba.g_01703
OG0000588	Syaq.g_02043	Prba.g_01699
OG0000589	Syaq.g_02057	Prba.g_01696
OG0000590	Syaq.g_02058	Prba.g_01695
OG0000591	Syaq.g_02066	Prba.g_01692
OG0000592	Syaq.g_02067	Prba.g_01691
OG0000593	Syaq.g_02078	Prba.g_01685
OG0000594	Syaq.g_02079	Prba.g_01684
OG0000595	Syaq.g_02080	Prba.g_01683
OG0000596	Syaq.g_02085	Prba.g_01679
OG0000597	Syaq.g_02088	Prba.g_01677
OG0000598	Syaq.g_02089	Prba.g_01676
OG0000599	Syaq.g_02096	Prba.g_01673
OG0000600	Syaq.g_02097	Prba.g_01672
OG0000601	Syaq.g_02098	Prba.g_01671
OG0000602	Syaq.g_02104	Prba.g_01669
OG0000603	Syaq.g_02105	Prba.g_01668
OG0000604	Syaq.g_02107	Prba.g_01667
OG0000605	Syaq.g_02151	Prba.g_01666
OG0000606	Syaq.g_02231	Prba.g_01663
OG0000607	Syaq.g_02234	Prba.g_01660
OG0000608	Syaq.g_02235	Prba.g_01659
OG0000609	Syaq.g_02237	Prba.g_01658
OG0000610	Syaq.g_02244	Prba.g_01653
OG0000611	Syaq.g_02247	Prba.g_01650
OG0000612	Syaq.g_02248	Prba.g_01649
OG0000613	Syaq.g_00885	Prba.g_01644
OG0000614	Syaq.g_02588	Prba.g_01625
OG0000615	Syaq.g_02302	Prba.g_01617
OG0000616	Syaq.g_01168	Prba.g_01613
OG0000617	Syaq.g_00031	Prba.g_01588
OG0000618	Syaq.g_00032	Prba.g_01587
OG0000619	Syaq.g_00033	Prba.g_01586
OG0000620	Syaq.g_00038	Prba.g_01583
OG0000621	Syaq.g_00039	Prba.g_01582
OG0000622	Syaq.g_00040	Prba.g_01581
OG0000623	Syaq.g_00041	Prba.g_01580
OG0000624	Syaq.g_00042	Prba.g_01579
OG0000625	Syaq.g_00043	Prba.g_01578
OG0000626	Syaq.g_00044	Prba.g_01577
OG0000627	Syaq.g_02425	Prba.g_01576
OG0000628	Syaq.g_02426	Prba.g_01575
OG0000629	Syaq.g_02429	Prba.g_01574
OG0000630	Syaq.g_02433	Prba.g_01571
OG0000631	Syaq.g_02441	Prba.g_01508
OG0000632	Syaq.g_02442	Prba.g_01507
OG0000633	Syaq.g_02444	Prba.g_01506
OG0000634	Syaq.g_02336	Prba.g_01503
OG0000635	Syaq.g_02337	Prba.g_01502
OG0000636	Syaq.g_02339	Prba.g_01500
OG0000637	Syaq.g_02341	Prba.g_01498
OG0000638	Syaq.g_02342	Prba.g_01497
OG0000639	Syaq.g_02343	Prba.g_01496
OG0000640	Syaq.g_02344	Prba.g_01495
OG0000641	Syaq.g_02348	Prba.g_01491
OG0000642	Syaq.g_02349	Prba.g_01490
OG0000643	Syaq.g_02350	Prba.g_01489
OG0000644	Syaq.g_02351	Prba.g_01488
OG0000645	Syaq.g_02353	Prba.g_01487
OG0000646	Syaq.g_02356	Prba.g_01485
OG0000647	Syaq.g_02358	Prba.g_01484
OG0000648	Syaq.g_02360	Prba.g_01482
OG0000649	Syaq.g_02361	Prba.g_01481
OG0000650	Syaq.g_02362	Prba.g_01480
OG0000651	Syaq.g_02363	Prba.g_01479
OG0000652	Syaq.g_02364	Prba.g_01478
OG0000653	Syaq.g_02367	Prba.g_01476
OG0000654	Syaq.g_02368	Prba.g_01475
OG0000655	Syaq.g_02369	Prba.g_01474
OG0000656	Syaq.g_02372	Prba.g_01471
OG0000657	Syaq.g_02382	Prba.g_01463
OG0000658	Syaq.g_02385	Prba.g_01462
OG0000659	Syaq.g_02386	Prba.g_01461
OG0000660	Syaq.g_02390	Prba.g_01457
OG0000661	Syaq.g_02392	Prba.g_01455
OG0000662	Syaq.g_02394	Prba.g_01453
OG0000663	Syaq.g_02397	Prba.g_01451
OG0000664	Syaq.g_02400	Prba.g_01450
OG0000665	Syaq.g_02124	Prba.g_01446
OG0000666	Syaq.g_02117	Prba.g_01445
OG0000667	Syaq.g_02222	Prba.g_01441
OG0000668	Syaq.g_00068	Prba.g_01411
OG0000669	Syaq.g_02260	Prba.g_01404
OG0000670	Syaq.g_00079	Prba.g_01402
OG0000671	Syaq.g_02264	Prba.g_01400
OG0000672	Syaq.g_02267	Prba.g_01397
OG0000673	Syaq.g_02270	Prba.g_01394
OG0000674	Syaq.g_02272	Prba.g_01392
OG0000675	Syaq.g_02273	Prba.g_01391
OG0000676	Syaq.g_02275	Prba.g_01389
OG0000677	Syaq.g_02276	Prba.g_01388
OG0000678	Syaq.g_02282	Prba.g_01386
OG0000679	Syaq.g_02305	Prba.g_01382
OG0000680	Syaq.g_02306	Prba.g_01381
OG0000681	Syaq.g_02309	Prba.g_01379
OG0000682	Syaq.g_02310	Prba.g_01378
OG0000683	Syaq.g_02311	Prba.g_01377
OG0000684	Syaq.g_02315	Prba.g_01375
OG0000685	Syaq.g_02317	Prba.g_01373
OG0000686	Syaq.g_02318	Prba.g_01372
OG0000687	Syaq.g_02319	Prba.g_01371
OG0000688	Syaq.g_02325	Prba.g_01368
OG0000689	Syaq.g_02327	Prba.g_01367
OG0000690	Syaq.g_02328	Prba.g_01366
OG0000691	Syaq.g_02329	Prba.g_01365
OG0000692	Syaq.g_02330	Prba.g_01363
OG0000693	Syaq.g_02332	Prba.g_01362
OG0000694	Syaq.g_02333	Prba.g_01361
OG0000695	Syaq.g_02446	Prba.g_01359
OG0000696	Syaq.g_02447	Prba.g_01358
OG0000697	Syaq.g_02448	Prba.g_01357
OG0000698	Syaq.g_02451	Prba.g_01354
OG0000699	Syaq.g_02452	Prba.g_01353
OG0000700	Syaq.g_02453	Prba.g_01352
OG0000701	Syaq.g_02454	Prba.g_01351
OG0000702	Syaq.g_02467	Prba.g_01349
OG0000703	Syaq.g_02468	Prba.g_01348
OG0000704	Syaq.g_02470	Prba.g_01347
OG0000705	Syaq.g_02477	Prba.g_01343
OG0000706	Syaq.g_02478	Prba.g_01342
OG0000707	Syaq.g_02479	Prba.g_01341
OG0000708	Syaq.g_02482	Prba.g_01340
OG0000709	Syaq.g_02490	Prba.g_01336
OG0000710	Syaq.g_02494	Prba.g_01333
OG0000711	Syaq.g_02521	Prba.g_01316
OG0000712	Syaq.g_02523	Prba.g_01314
OG0000713	Syaq.g_02524	Prba.g_01313
OG0000714	Syaq.g_02527	Prba.g_01312
OG0000715	Syaq.g_02529	Prba.g_01310
OG0000716	Syaq.g_02533	Prba.g_01308
OG0000717	Syaq.g_02534	Prba.g_01307
OG0000718	Syaq.g_00072	Prba.g_01295
OG0000719	Syaq.g_00070	Prba.g_01293
OG0000720	Syaq.g_00057	Prba.g_01284
OG0000721	Syaq.g_00055	Prba.g_01282
OG0000722	Syaq.g_00054	Prba.g_01281
OG0000723	Syaq.g_00046	Prba.g_01278
OG0000724	Syaq.g_02685	Prba.g_01269
OG0000725	Syaq.g_02676	Prba.g_01263
OG0000726	Syaq.g_02675	Prba.g_01262
OG0000727	Syaq.g_02674	Prba.g_01261
OG0000728	Syaq.g_02672	Prba.g_01259
OG0000729	Syaq.g_01046	Prba.g_01214
OG0000730	Syaq.g_00561	Prba.g_00749
OG0000731	Syaq.g_00550	Prba.g_00745
OG0000732	Syaq.g_01098	Prba.g_00735
OG0000733	Syaq.g_01232	Prba.g_00096
OG0000734	Syaq.g_01479	Prba.g_00079
OG0000735	Syaq.g_00266	Prba.g_00077
OG0000736	Syaq.g_00265	Prba.g_00076
OG0000737	Syaq.g_00264	Prba.g_00075
OG0000738	Syaq.g_00258	Prba.g_00071
OG0000739	Syaq.g_00257	Prba.g_00070
OG0000740	Syaq.g_00256	Prba.g_00069
OG0000741	Syaq.g_00253	Prba.g_00068
OG0000742	Syaq.g_00250	Prba.g_00065
OG0000743	Syaq.g_00248	Prba.g_00063
OG0000744	Syaq.g_00247	Prba.g_00062
OG0000745	Syaq.g_00245	Prba.g_00060
OG0000746	Syaq.g_00242	Prba.g_00058
OG0000747	Syaq.g_00241	Prba.g_00057
OG0000748	Syaq.g_00227	Prba.g_00054
OG0000749	Syaq.g_00226	Prba.g_00053
OG0000750	Syaq.g_00225	Prba.g_00052
OG0000751	Syaq.g_00219	Prba.g_00050
OG0000752	Syaq.g_00217	Prba.g_00048
OG0000753	Syaq.g_00214	Prba.g_00045
OG0000754	Syaq.g_00209	Prba.g_00042
OG0000755	Syaq.g_00198	Prba.g_00039
OG0000756	Syaq.g_00197	Prba.g_00038
OG0000757	Syaq.g_00190	Prba.g_00032
OG0000758	Syaq.g_00189	Prba.g_00031
OG0000759	Syaq.g_00188	Prba.g_00030
OG0000760	Syaq.g_00187	Prba.g_00029
OG0000761	Syaq.g_00186	Prba.g_00028
OG0000762	Syaq.g_00183	Prba.g_00027
OG0000763	Syaq.g_00181	Prba.g_00025
OG0000764	Syaq.g_00180	Prba.g_00024
OG0000765	Syaq.g_00157	Prba.g_00015
OG0000766	Syaq.g_00156	Prba.g_00014
OG0000767	Syaq.g_00154	Prba.g_00012
OG0000768	Syaq.g_00153	Prba.g_00011
OG0000769	Syaq.g_00151	Prba.g_00009
OG0000770	Syaq.g_00148	Prba.g_00007
OG0000771	Syaq.g_02691	Prba.g_01084
OG0000772	Syaq.g_01887	Prba.g_01167
OG0000773	Syaq.g_00283	Prba.g_01183
OG0000774	Syaq.g_00288	Prba.g_01185
OG0000775	Syaq.g_00290	Prba.g_01187
OG0000776	Syaq.g_00291	Prba.g_01188
OG0000777	Syaq.g_00292	Prba.g_01189
OG0000778	Syaq.g_00293	Prba.g_01190
OG0000779	Syaq.g_00299	Prba.g_01194
OG0000780	Syaq.g_00304	Prba.g_01195
OG0000781	Syaq.g_00308	Prba.g_01198
OG0000782	Syaq.g_00309	Prba.g_01199
OG0000783	Syaq.g_00310	Prba.g_01200
OG0000784	Syaq.g_00311	Prba.g_01201
OG0000785	Syaq.g_00313	Prba.g_01203
OG0000786	Syaq.g_00328	Prba.g_01205
OG0000787	Syaq.g_00329	Prba.g_01206
OG0000788	Syaq.g_02099	Prba.g_00209
OG0000789	Syaq.g_02123	Prba.g_00206
OG0000790	Syaq.g_01758	Prba.g_00191
OG0000791	Syaq.g_01756	Prba.g_00189
OG0000792	Syaq.g_01755	Prba.g_00188
OG0000793	Syaq.g_01750	Prba.g_00185
OG0000794	Syaq.g_01749	Prba.g_00184
OG0000795	Syaq.g_01748	Prba.g_00183
OG0000796	Syaq.g_01744	Prba.g_00179
OG0000797	Syaq.g_01743	Prba.g_00178
OG0000799	Syaq.g_00341	Prba.g_00115
OG0000800	Syaq.g_00342	Prba.g_00114
OG0000801	Syaq.g_00343	Prba.g_00113
OG0000802	Syaq.g_00350	Prba.g_00111
OG0000803	Syaq.g_00353	Prba.g_00109
OG0000804	Syaq.g_00358	Prba.g_00108
OG0000805	Syaq.g_00360	Prba.g_00106
OG0000806	Syaq.g_00362	Prba.g_00720
OG0000807	Syaq.g_00364	Prba.g_00719
OG0000808	Syaq.g_00365	Prba.g_00718
OG0000809	Syaq.g_00369	Prba.g_00715
OG0000810	Syaq.g_00370	Prba.g_00714
OG0000811	Syaq.g_00378	Prba.g_00710
OG0000812	Syaq.g_00380	Prba.g_00708
OG0000813	Syaq.g_00381	Prba.g_00707
OG0000814	Syaq.g_00383	Prba.g_00705
OG0000815	Syaq.g_00384	Prba.g_00704
OG0000816	Syaq.g_00386	Prba.g_00702
OG0000817	Syaq.g_00387	Prba.g_00701
OG0000818	Syaq.g_00392	Prba.g_00696
OG0000819	Syaq.g_00393	Prba.g_00695
OG0000820	Syaq.g_00394	Prba.g_00694
OG0000821	Syaq.g_00400	Prba.g_00690
OG0000822	Syaq.g_00402	Prba.g_00689
OG0000823	Syaq.g_00403	Prba.g_00688
OG0000824	Syaq.g_00409	Prba.g_00685
OG0000825	Syaq.g_00410	Prba.g_00684
OG0000826	Syaq.g_00411	Prba.g_00683
OG0000827	Syaq.g_00412	Prba.g_00682
OG0000828	Syaq.g_00415	Prba.g_00679
OG0000829	Syaq.g_00416	Prba.g_00678
OG0000830	Syaq.g_00417	Prba.g_00677
OG0000831	Syaq.g_00419	Prba.g_00350
OG0000832	Syaq.g_01737	Prba.g_00344
OG0000833	Syaq.g_01725	Prba.g_00336
OG0000834	Syaq.g_01724	Prba.g_00335
OG0000835	Syaq.g_01723	Prba.g_00334
OG0000836	Syaq.g_01720	Prba.g_00333
OG0000837	Syaq.g_01719	Prba.g_00332
OG0000838	Syaq.g_01715	Prba.g_00330
OG0000839	Syaq.g_01714	Prba.g_00329
OG0000840	Syaq.g_01713	Prba.g_00328
OG0000841	Syaq.g_01712	Prba.g_00327
OG0000842	Syaq.g_01711	Prba.g_00326
OG0000843	Syaq.g_01710	Prba.g_00325
OG0000844	Syaq.g_01708	Prba.g_00324
OG0000845	Syaq.g_01707	Prba.g_00323
OG0000846	Syaq.g_01706	Prba.g_00322
OG0000847	Syaq.g_01705	Prba.g_00321
OG0000848	Syaq.g_01703	Prba.g_00320
OG0000849	Syaq.g_01702	Prba.g_00319
OG0000850	Syaq.g_01699	Prba.g_00317
OG0000851	Syaq.g_01696	Prba.g_00316
OG0000852	Syaq.g_01695	Prba.g_00315
OG0000853	Syaq.g_01691	Prba.g_00311
OG0000854	Syaq.g_01689	Prba.g_00309
OG0000855	Syaq.g_01688	Prba.g_00308
OG0000856	Syaq.g_02069	Prba.g_00293
OG0000857	Syaq.g_02357	Prba.g_00266
OG0000858	Syaq.g_01682	Prba.g_00232
OG0000859	Syaq.g_01681	Prba.g_00231
OG0000860	Syaq.g_01671	Prba.g_00618
OG0000861	Syaq.g_01670	Prba.g_00617
OG0000862	Syaq.g_01668	Prba.g_00616
OG0000863	Syaq.g_01665	Prba.g_00614
OG0000864	Syaq.g_01664	Prba.g_00613
OG0000865	Syaq.g_01663	Prba.g_00612
OG0000866	Syaq.g_01662	Prba.g_00611
OG0000867	Syaq.g_01661	Prba.g_00610
OG0000868	Syaq.g_01659	Prba.g_00609
OG0000869	Syaq.g_01656	Prba.g_00605
OG0000870	Syaq.g_01651	Prba.g_00600
OG0000871	Syaq.g_01650	Prba.g_00599
OG0000872	Syaq.g_01644	Prba.g_00598
OG0000873	Syaq.g_01641	Prba.g_00595
OG0000874	Syaq.g_01637	Prba.g_00592
OG0000875	Syaq.g_01633	Prba.g_00591
OG0000876	Syaq.g_01631	Prba.g_00590
OG0000877	Syaq.g_01628	Prba.g_00588
OG0000878	Syaq.g_01627	Prba.g_00587
OG0000879	Syaq.g_01626	Prba.g_00586
OG0000880	Syaq.g_01625	Prba.g_00585
OG0000881	Syaq.g_01621	Prba.g_00581
OG0000882	Syaq.g_01616	Prba.g_00576
OG0000883	Syaq.g_01613	Prba.g_00574
OG0000884	Syaq.g_01611	Prba.g_00573
OG0000885	Syaq.g_01610	Prba.g_00572
OG0000886	Syaq.g_01609	Prba.g_00571
OG0000887	Syaq.g_01608	Prba.g_00570
OG0000888	Syaq.g_01606	Prba.g_00568
OG0000889	Syaq.g_01604	Prba.g_00566
OG0000890	Syaq.g_01597	Prba.g_00565
OG0000891	Syaq.g_01596	Prba.g_00564
OG0000892	Syaq.g_01594	Prba.g_00352
OG0000893	Syaq.g_00695	Prba.g_00357
OG0000894	Syaq.g_00692	Prba.g_00359
OG0000895	Syaq.g_00688	Prba.g_00362
OG0000896	Syaq.g_00687	Prba.g_00363
OG0000897	Syaq.g_00685	Prba.g_00365
OG0000898	Syaq.g_00684	Prba.g_00366
OG0000899	Syaq.g_00683	Prba.g_00367
OG0000900	Syaq.g_00682	Prba.g_00368
OG0000901	Syaq.g_00677	Prba.g_00371
OG0000902	Syaq.g_00671	Prba.g_00373
OG0000903	Syaq.g_00655	Prba.g_00376
OG0000904	Syaq.g_00660	Prba.g_00378
OG0000905	Syaq.g_00666	Prba.g_00383
OG0000906	Syaq.g_00669	Prba.g_00384
OG0000907	Syaq.g_00653	Prba.g_00387
OG0000908	Syaq.g_00650	Prba.g_00390
OG0000909	Syaq.g_00649	Prba.g_00391
OG0000910	Syaq.g_00648	Prba.g_00392
OG0000911	Syaq.g_00646	Prba.g_00394
OG0000912	Syaq.g_00645	Prba.g_00395
OG0000913	Syaq.g_00644	Prba.g_00396
OG0000914	Syaq.g_00643	Prba.g_00397
OG0000915	Syaq.g_00641	Prba.g_00398
OG0000916	Syaq.g_00640	Prba.g_00399
OG0000917	Syaq.g_00639	Prba.g_00400
OG0000918	Syaq.g_00638	Prba.g_00401
OG0000919	Syaq.g_00637	Prba.g_00402
OG0000920	Syaq.g_00636	Prba.g_00403
OG0000921	Syaq.g_00635	Prba.g_00404
OG0000922	Syaq.g_00634	Prba.g_00405
OG0000923	Syaq.g_00630	Prba.g_00409
OG0000924	Syaq.g_00629	Prba.g_00410
OG0000925	Syaq.g_00628	Prba.g_00411
OG0000926	Syaq.g_00627	Prba.g_00412
OG0000927	Syaq.g_00625	Prba.g_00414
OG0000928	Syaq.g_00624	Prba.g_00415
OG0000929	Syaq.g_00623	Prba.g_00416
OG0000930	Syaq.g_00622	Prba.g_00417
OG0000931	Syaq.g_00621	Prba.g_00418
OG0000932	Syaq.g_00620	Prba.g_00419
OG0000933	Syaq.g_00614	Prba.g_00423
OG0000934	Syaq.g_00612	Prba.g_00425
OG0000935	Syaq.g_00611	Prba.g_00426
OG0000936	Syaq.g_00610	Prba.g_00427
OG0000937	Syaq.g_00609	Prba.g_00428
OG0000938	Syaq.g_00606	Prba.g_00430
OG0000939	Syaq.g_00604	Prba.g_00431
OG0000940	Syaq.g_00597	Prba.g_00438
OG0000941	Syaq.g_00595	Prba.g_01049
OG0000942	Syaq.g_00593	Prba.g_01051
OG0000943	Syaq.g_00592	Prba.g_01052
OG0000944	Syaq.g_00590	Prba.g_01053
OG0000945	Syaq.g_00588	Prba.g_01054
OG0000946	Syaq.g_00580	Prba.g_01059
OG0000947	Syaq.g_00577	Prba.g_01061
OG0000948	Syaq.g_00576	Prba.g_01062
OG0000949	Syaq.g_00971	Prba.g_01065
OG0000950	Syaq.g_00984	Prba.g_01070
OG0000951	Syaq.g_00991	Prba.g_01074
OG0000952	Syaq.g_01002	Prba.g_01078
OG0000953	Syaq.g_01006	Prba.g_00753
OG0000954	Syaq.g_01012	Prba.g_00757
OG0000955	Syaq.g_01013	Prba.g_00758
OG0000956	Syaq.g_01015	Prba.g_00760
OG0000957	Syaq.g_01026	Prba.g_00766
OG0000958	Syaq.g_01027	Prba.g_00767
OG0000959	Syaq.g_01031	Prba.g_00771
OG0000960	Syaq.g_01032	Prba.g_00772
OG0000961	Syaq.g_01043	Prba.g_00774
OG0000962	Syaq.g_01045	Prba.g_00776
OG0000963	Syaq.g_01049	Prba.g_00780
OG0000964	Syaq.g_01050	Prba.g_00781
OG0000965	Syaq.g_01051	Prba.g_00782
OG0000966	Syaq.g_01060	Prba.g_00789
OG0000967	Syaq.g_01067	Prba.g_00794
OG0000968	Syaq.g_01071	Prba.g_00796
OG0000969	Syaq.g_01078	Prba.g_00797
OG0000970	Syaq.g_01079	Prba.g_00798
OG0000971	Syaq.g_01081	Prba.g_00799
OG0000972	Syaq.g_01082	Prba.g_00800
OG0000973	Syaq.g_01083	Prba.g_00801
OG0000974	Syaq.g_01084	Prba.g_00802
OG0000975	Syaq.g_01085	Prba.g_00803
OG0000976	Syaq.g_01086	Prba.g_00804
OG0000977	Syaq.g_01088	Prba.g_00805
OG0000978	Syaq.g_01091	Prba.g_00806
OG0000979	Syaq.g_01094	Prba.g_00809
OG0000980	Syaq.g_01097	Prba.g_00811
OG0000981	Syaq.g_01100	Prba.g_00813
OG0000982	Syaq.g_01263	Prba.g_00815
OG0000983	Syaq.g_01262	Prba.g_00816
OG0000984	Syaq.g_01261	Prba.g_00817
OG0000985	Syaq.g_01257	Prba.g_00820
OG0000986	Syaq.g_01253	Prba.g_00822
OG0000987	Syaq.g_01251	Prba.g_00823
OG0000988	Syaq.g_01245	Prba.g_00826
OG0000989	Syaq.g_01239	Prba.g_00830
OG0000990	Syaq.g_01229	Prba.g_00833
OG0000991	Syaq.g_01225	Prba.g_00834
OG0000992	Syaq.g_01222	Prba.g_00836
OG0000993	Syaq.g_01221	Prba.g_00837
OG0000994	Syaq.g_01218	Prba.g_00838
OG0000995	Syaq.g_01212	Prba.g_00842
OG0000996	Syaq.g_01193	Prba.g_00843
OG0000997	Syaq.g_01184	Prba.g_00844
OG0000998	Syaq.g_01182	Prba.g_00846
OG0000999	Syaq.g_01181	Prba.g_00847
OG0001000	Syaq.g_01177	Prba.g_01778
OG0001001	Syaq.g_01172	Prba.g_01780
OG0001002	Syaq.g_01165	Prba.g_01784
OG0001003	Syaq.g_01163	Prba.g_01785
OG0001004	Syaq.g_01162	Prba.g_01786
OG0001005	Syaq.g_01161	Prba.g_01787
OG0001006	Syaq.g_01152	Prba.g_01791
OG0001007	Syaq.g_01150	Prba.g_01793
OG0001008	Syaq.g_00500	Prba.g_01024
OG0001009	Syaq.g_01118	Prba.g_01820
OG0001010	Syaq.g_01117	Prba.g_01821
OG0001011	Syaq.g_01115	Prba.g_01822
OG0001012	Syaq.g_01267	Prba.g_01837
OG0001013	Syaq.g_01289	Prba.g_01842
OG0001014	Syaq.g_01295	Prba.g_01845
OG0001015	Syaq.g_01296	Prba.g_01846
OG0001016	Syaq.g_01554	Prba.g_01861
OG0001017	Syaq.g_01548	Prba.g_01865
OG0001018	Syaq.g_01546	Prba.g_01868
OG0001019	Syaq.g_01524	Prba.g_01877
OG0001020	Syaq.g_01510	Prba.g_01878
OG0001021	Syaq.g_01506	Prba.g_01879
OG0001022	Syaq.g_01501	Prba.g_01882
OG0001023	Syaq.g_01500	Prba.g_01883
OG0001024	Syaq.g_01496	Prba.g_01886
OG0001025	Syaq.g_01490	Prba.g_01892
OG0001026	Syaq.g_01477	Prba.g_01899
OG0001027	Syaq.g_01474	Prba.g_01900
OG0001028	Syaq.g_01472	Prba.g_01902
OG0001029	Syaq.g_01470	Prba.g_01903
OG0001030	Syaq.g_01450	Prba.g_01918
OG0001031	Syaq.g_01378	Prba.g_00642
OG0001032	Syaq.g_01376	Prba.g_00643
OG0001033	Syaq.g_01344	Prba.g_00664
OG0001034	Syaq.g_01579	Prba.g_00455
OG0001035	Syaq.g_00726	Prba.g_00473
OG0001036	Syaq.g_00731	Prba.g_00477
OG0001037	Syaq.g_00733	Prba.g_00478
OG0001038	Syaq.g_00761	Prba.g_00495
OG0001039	Syaq.g_00764	Prba.g_00498
OG0001040	Syaq.g_00767	Prba.g_00500
OG0001041	Syaq.g_00772	Prba.g_00504
OG0001042	Syaq.g_00858	Prba.g_00520
OG0001044	Syaq.g_00560	Prba.g_00549
OG0001045	Syaq.g_00547	Prba.g_00558
OG0001046	Syaq.g_02509	Prba.g_00873
OG0001047	Syaq.g_00498	Prba.g_01022
OG0001048	Syaq.g_00497	Prba.g_01021
OG0001049	Syaq.g_00494	Prba.g_01019
OG0001050	Syaq.g_00493	Prba.g_01018
OG0001051	Syaq.g_00492	Prba.g_01017
OG0001052	Syaq.g_00446	Prba.g_00990
OG0001053	Syaq.g_01775	Prba.g_00978
OG0001054	Syaq.g_01794	Prba.g_00963
OG0001055	Syaq.g_01815	Prba.g_00944
OG0001056	Syaq.g_01843	Prba.g_00925
OG0001057	Syaq.g_00334	Prba.g_01774
OG0001058	Syaq.g_01931	Prba.g_01766
OG0001059	Syaq.g_01935	Prba.g_01762
OG0001060	Syaq.g_01941	Prba.g_01755
OG0001061	Syaq.g_01961	Prba.g_01742
OG0001062	Syaq.g_01963	Prba.g_01740
OG0001063	Syaq.g_01968	Prba.g_01738
OG0001064	Syaq.g_01969	Prba.g_01737
OG0001065	Syaq.g_01970	Prba.g_01736
OG0001066	Syaq.g_01971	Prba.g_01735
OG0001067	Syaq.g_01972	Prba.g_01734
OG0001068	Syaq.g_01973	Prba.g_01733
OG0001069	Syaq.g_01974	Prba.g_01732
OG0001070	Syaq.g_01978	Prba.g_01729
OG0001071	Syaq.g_01979	Prba.g_01728
OG0001072	Syaq.g_01983	Prba.g_01727
OG0001073	Syaq.g_01998	Prba.g_01713
OG0001074	Syaq.g_02132	Prba.g_01702
OG0001075	Syaq.g_02025	Prba.g_01701
OG0001076	Syaq.g_02060	Prba.g_01693
OG0001077	Syaq.g_02071	Prba.g_01689
OG0001078	Syaq.g_02083	Prba.g_01681
OG0001079	Syaq.g_02100	Prba.g_01670
OG0001080	Syaq.g_02161	Prba.g_01664
OG0001081	Syaq.g_02232	Prba.g_01662
OG0001082	Syaq.g_02233	Prba.g_01661
OG0001083	Syaq.g_02240	Prba.g_01656
OG0001084	Syaq.g_02241	Prba.g_01655
OG0001085	Syaq.g_02251	Prba.g_01647
OG0001086	Syaq.g_02253	Prba.g_01646
OG0001087	Syaq.g_02574	Prba.g_01629
OG0001088	Syaq.g_02576	Prba.g_01628
OG0001089	Syaq.g_02604	Prba.g_01620
OG0001090	Syaq.g_00024	Prba.g_01593
OG0001091	Syaq.g_00027	Prba.g_01591
OG0001092	Syaq.g_00029	Prba.g_01590
OG0001093	Syaq.g_00035	Prba.g_01585
OG0001094	Syaq.g_02334	Prba.g_01505
OG0001095	Syaq.g_02354	Prba.g_01486
OG0001096	Syaq.g_02370	Prba.g_01473
OG0001097	Syaq.g_02393	Prba.g_01454
OG0001098	Syaq.g_02415	Prba.g_01439
OG0001099	Syaq.g_01471	Prba.g_01407
OG0001100	Syaq.g_02262	Prba.g_01403
OG0001101	Syaq.g_02263	Prba.g_01401
OG0001102	Syaq.g_02266	Prba.g_01398
OG0001103	Syaq.g_02268	Prba.g_01396
OG0001104	Syaq.g_02316	Prba.g_01374
OG0001105	Syaq.g_02320	Prba.g_01370
OG0001106	Syaq.g_02471	Prba.g_01346
OG0001108	Syaq.g_02491	Prba.g_01335
OG0001109	Syaq.g_02493	Prba.g_01334
OG0001110	Syaq.g_02495	Prba.g_01332
OG0001111	Syaq.g_02497	Prba.g_01331
OG0001112	Syaq.g_02499	Prba.g_01330
OG0001113	Syaq.g_02539	Prba.g_01329
OG0001114	Syaq.g_02500	Prba.g_01328
OG0001115	Syaq.g_02504	Prba.g_01326
OG0001116	Syaq.g_02506	Prba.g_01325
OG0001117	Syaq.g_02507	Prba.g_01324
OG0001118	Syaq.g_02508	Prba.g_01323
OG0001119	Syaq.g_02510	Prba.g_01322
OG0001120	Syaq.g_02514	Prba.g_01320
OG0001121	Syaq.g_01919	Prba.g_00099, Prba.g_01317
OG0001122	Syaq.g_00069	Prba.g_01292
OG0001123	Syaq.g_00061	Prba.g_01288
OG0001124	Syaq.g_00060	Prba.g_01286
OG0001125	Syaq.g_00058	Prba.g_01285
OG0001126	Syaq.g_02693	Prba.g_01275
OG0001127	Syaq.g_02692	Prba.g_01274
OG0001128	Syaq.g_02689	Prba.g_01272
OG0001129	Syaq.g_02687	Prba.g_01271
OG0001130	Syaq.g_02686	Prba.g_01270
OG0001131	Syaq.g_02284	Prba.g_01234
OG0001132	Syaq.g_01872	Prba.g_01225
OG0001133	Syaq.g_02063	Prba.g_00729
OG0001134	Syaq.g_02213	Prba.g_00097
OG0001136	Syaq.g_00252	Prba.g_00067
OG0001137	Syaq.g_00228	Prba.g_00055
OG0001138	Syaq.g_00196	Prba.g_00037
OG0001139	Syaq.g_00194	Prba.g_00036
OG0001140	Syaq.g_00193	Prba.g_00035
OG0001141	Syaq.g_00192	Prba.g_00034
OG0001142	Syaq.g_00191	Prba.g_00033
OG0001143	Syaq.g_00182	Prba.g_00026
OG0001144	Syaq.g_00166	Prba.g_00021
OG0001145	Syaq.g_00284	Prba.g_01184
OG0001146	Syaq.g_00305	Prba.g_01196
OG0001147	Syaq.g_00438	Prba.g_00210
OG0001148	Syaq.g_01761	Prba.g_00194
OG0001149	Syaq.g_01760	Prba.g_00193
OG0001150	Syaq.g_01759	Prba.g_00192
OG0001151	Syaq.g_01746	Prba.g_00181
OG0001152	Syaq.g_01745	Prba.g_00180
OG0001153	Syaq.g_00413	Prba.g_00681
OG0001154	Syaq.g_00414	Prba.g_00680
OG0001155	Syaq.g_01739	Prba.g_00343
OG0001156	Syaq.g_01729	Prba.g_00340
OG0001157	Syaq.g_01728	Prba.g_00339
OG0001158	Syaq.g_01727	Prba.g_00338
OG0001159	Syaq.g_01726	Prba.g_00337
OG0001160	Syaq.g_01693	Prba.g_00313
OG0001161	Syaq.g_01233	Prba.g_00300
OG0001162	Syaq.g_00331	Prba.g_00289
OG0001163	Syaq.g_01685	Prba.g_00234
OG0001164	Syaq.g_01679	Prba.g_00230
OG0001165	Syaq.g_01674	Prba.g_00227
OG0001166	Syaq.g_01652	Prba.g_00601
OG0001167	Syaq.g_01039	Prba.g_00584
OG0001169	Syaq.g_01620	Prba.g_00580
OG0001170	Syaq.g_01618	Prba.g_00578
OG0001171	Syaq.g_01607	Prba.g_00569
OG0001172	Syaq.g_00690	Prba.g_00360
OG0001173	Syaq.g_00689	Prba.g_00361
OG0001174	Syaq.g_00681	Prba.g_00369
OG0001175	Syaq.g_00680	Prba.g_00370
OG0001176	Syaq.g_00656	Prba.g_00377
OG0001177	Syaq.g_00658	Prba.g_00380
OG0001178	Syaq.g_01667	Prba.g_00385
OG0001179	Syaq.g_00626	Prba.g_00413
OG0001180	Syaq.g_00600	Prba.g_00435
OG0001181	Syaq.g_00596	Prba.g_01048
OG0001182	Syaq.g_00587	Prba.g_01055
OG0001183	Syaq.g_00579	Prba.g_01060
OG0001184	Syaq.g_00995	Prba.g_01076
OG0001185	Syaq.g_01022	Prba.g_00762
OG0001186	Syaq.g_01058	Prba.g_00786
OG0001187	Syaq.g_01061	Prba.g_00790
OG0001188	Syaq.g_01065	Prba.g_00793
OG0001189	Syaq.g_01095	Prba.g_00810
OG0001190	Syaq.g_01264	Prba.g_00814
OG0001191	Syaq.g_01248	Prba.g_00824
OG0001192	Syaq.g_01242	Prba.g_00829
OG0001193	Syaq.g_01217	Prba.g_00839
OG0001194	Syaq.g_01214	Prba.g_00840
OG0001195	Syaq.g_01213	Prba.g_00841
OG0001196	Syaq.g_01169	Prba.g_01782
OG0001197	Syaq.g_01167	Prba.g_01783
OG0001198	Syaq.g_01153	Prba.g_01790
OG0001199	Syaq.g_01553	Prba.g_01862
OG0001200	Syaq.g_01551	Prba.g_01864
OG0001201	Syaq.g_01486	Prba.g_01896
OG0001202	Syaq.g_01358	Prba.g_00655
OG0001203	Syaq.g_01581	Prba.g_00457
OG0001204	Syaq.g_00709	Prba.g_00462
OG0001205	Syaq.g_00491	Prba.g_01016
OG0001206	Syaq.g_00468	Prba.g_00999
OG0001207	Syaq.g_01764	Prba.g_00984
OG0001208	Syaq.g_01774	Prba.g_00979
OG0001209	Syaq.g_01841	Prba.g_00926
OG0001210	Syaq.g_01852	Prba.g_01775
OG0001211	Syaq.g_01932	Prba.g_01765
OG0001212	Syaq.g_01990	Prba.g_01721
OG0001213	Syaq.g_02072	Prba.g_01688
OG0001214	Syaq.g_02084	Prba.g_01680
OG0001215	Syaq.g_02580	Prba.g_01627
OG0001216	Syaq.g_00026	Prba.g_01592
OG0001217	Syaq.g_01885	Prba.g_01554
OG0001218	Syaq.g_00423	Prba.g_01547
OG0001219	Syaq.g_02434	Prba.g_01510
OG0001220	Syaq.g_02412	Prba.g_01447
OG0001221	Syaq.g_02300	Prba.g_01384
OG0001222	Syaq.g_02472	Prba.g_01345
OG0001223	Syaq.g_02516	Prba.g_01319
OG0001224	Syaq.g_02683	Prba.g_01268
OG0001225	Syaq.g_02681	Prba.g_01266
OG0001226	Syaq.g_01543	Prba.g_01240
OG0001227	Syaq.g_00333	Prba.g_01222
OG0001230	Syaq.g_00361	Prba.g_00105
OG0001231	Syaq.g_01133	Prba.g_00291
OG0001232	Syaq.g_01643	Prba.g_00597
OG0001233	Syaq.g_01617	Prba.g_00577
OG0001234	Syaq.g_00676	Prba.g_00372
OG0001235	Syaq.g_00665	Prba.g_00382
OG0001236	Syaq.g_00990	Prba.g_01073
OG0001237	Syaq.g_00999	Prba.g_01077
OG0001238	Syaq.g_01246	Prba.g_00825
OG0001239	Syaq.g_01556	Prba.g_01859
OG0001240	Syaq.g_01502	Prba.g_01881
OG0001241	Syaq.g_01492	Prba.g_01889
OG0001243	Syaq.g_01457	Prba.g_01913
OG0001244	Syaq.g_01430	Prba.g_01929
OG0001245	Syaq.g_01916	Prba.g_00874
OG0001246	Syaq.g_01802	Prba.g_00957
OG0001248	Syaq.g_01891	Prba.g_01632
OG0001249	Syaq.g_00563	Prba.g_01521
OG0001250	Syaq.g_02389	Prba.g_01458
OG0001251	Syaq.g_02135	Prba.g_01410
OG0001252	Syaq.g_02690	Prba.g_01273
OG0001253	Syaq.g_01918	Prba.g_01221
OG0001254	Syaq.g_02214	Prba.g_00095
OG0001255	Syaq.g_02111	Prba.g_00080
OG0001256	Syaq.g_01686	Prba.g_00298
OG0001258	Syaq.g_01676	Prba.g_00229
OG0001259	Syaq.g_01619	Prba.g_00579
OG0001260	Syaq.g_01595	Prba.g_00563
OG0001261	Syaq.g_00617	Prba.g_00421
OG0001262	Syaq.g_01093	Prba.g_00808
OG0001263	Syaq.g_01454	Prba.g_01916
OG0001265	Syaq.g_01466	Prba.g_01906
OG0001266	Syaq.g_01354	Prba.g_00659
OG0001267	Syaq.g_00763	Prba.g_00497
OG0001268	Syaq.g_00553	Prba.g_00555
OG0001269	Syaq.g_01866	Prba.g_00853
OG0001270	Syaq.g_00504	Prba.g_01027
OG0001271	Syaq.g_00445	Prba.g_00989
OG0001272	Syaq.g_01778	Prba.g_00975
OG0001273	Syaq.g_02077	Prba.g_01686
OG0001274	Syaq.g_01303	Prba.g_01614
OG0001275	Syaq.g_02531	Prba.g_01309
OG0001276	Syaq.g_00062	Prba.g_01289
OG0001278	Syaq.g_00155	Prba.g_00013
OG0001279	Syaq.g_01867	Prba.g_01136
OG0001280	Syaq.g_00294	Prba.g_01191
OG0001281	Syaq.g_00306	Prba.g_01197
OG0001282	Syaq.g_01762	Prba.g_00195
OG0001283	Syaq.g_01175	Prba.g_00176
OG0001284	Syaq.g_01700	Prba.g_00318
OG0001285	Syaq.g_01639	Prba.g_00594
OG0001286	Syaq.g_00602	Prba.g_00433
OG0001287	Syaq.g_01030	Prba.g_00770
OG0001289	Syaq.g_01528	Prba.g_01875
OG0001290	Syaq.g_01493	Prba.g_01888
OG0001291	Syaq.g_01444	Prba.g_01923
OG0001293	Syaq.g_00736	Prba.g_00479
OG0001294	Syaq.g_02252	Prba.g_00872
OG0001296	Syaq.g_01808	Prba.g_00952
OG0001297	Syaq.g_01812	Prba.g_00947
OG0001298	Syaq.g_01967	Prba.g_01739
OG0001299	Syaq.g_02246	Prba.g_01651
OG0001300	Syaq.g_02589	Prba.g_01624
OG0001301	Syaq.g_02602	Prba.g_01621
OG0001302	Syaq.g_02115	Prba.g_01512
OG0001303	Syaq.g_02437	Prba.g_01305
OG0001304	Syaq.g_00049	Prba.g_01279
OG0001305	Syaq.g_02673	Prba.g_01260
OG0001306	Syaq.g_00267	Prba.g_00078
OG0001308	Syaq.g_00385	Prba.g_00703
OG0001312	Syaq.g_02449	Prba.g_01356
OG0001314	Syaq.g_00826	Prba.g_01562
OG0001315	Syaq.g_00581	Prba.g_01850
OG0001316	Syaq.g_01437	Prba.g_01928
OG0001317	Syaq.g_01576	Prba.g_00453
OG0001318	Syaq.g_00728	Prba.g_00475
OG0001319	Syaq.g_00751	Prba.g_00490
OG0001321	Syaq.g_00483	Prba.g_01010
OG0001322	Syaq.g_00482	Prba.g_01009
OG0001323	Syaq.g_01820	Prba.g_00942
OG0001324	Syaq.g_02590	Prba.g_01623
OG0001325	Syaq.g_00030	Prba.g_01589
OG0001326	Syaq.g_01205	Prba.g_01422
OG0001327	Syaq.g_02259	Prba.g_01248
OG0001328	Syaq.g_02280	Prba.g_01223
OG0001329	Syaq.g_02113	Prba.g_00104, Prba.g_00721
OG0001330	Syaq.g_00287	Prba.g_01166
OG0001331	Syaq.g_01757	Prba.g_00190
OG0001333	Syaq.g_01622	Prba.g_00583
OG0001336	Syaq.g_01174	Prba.g_01779
OG0001343	Syaq.g_00700	Prba.g_01413
OG0001345	Syaq.g_00213	Prba.g_00044
OG0001346	Syaq.g_00298	Prba.g_01193
OG0001349	Syaq.g_00942	Prba.g_00116
OG0001350	Syaq.g_01580	Prba.g_00456
OG0001351	Syaq.g_00476	Prba.g_01007
OG0001352	Syaq.g_01904	Prba.g_01637
OG0001353	Syaq.g_02379	Prba.g_01467
OG0001354	Syaq.g_02503	Prba.g_01327
OG0001355	Syaq.g_00797	Prba.g_00262
OG0001356	Syaq.g_02555	Prba.g_01535
OG0001358	Syaq.g_02056	Prba.g_01697
OG0001359	Syaq.g_00699	Prba.g_01412
OG0001360	Syaq.g_00211	Prba.g_01220
OG0001361	Syaq.g_00216	Prba.g_00047
OG0001364	Syaq.g_00972	Prba.g_01066
OG0001365	Syaq.g_01259	Prba.g_00818
OG0001369	Syaq.g_01503	Prba.g_01880
OG0001373	Syaq.g_01206	Prba.g_01423
OG0001374	Syaq.g_01198	Prba.g_01415
OG0001375	Syaq.g_00701	Prba.g_01414
OG0001378	Syaq.g_00506	Prba.g_00750
OG0001379	Syaq.g_00289	Prba.g_01186
OG0001380	Syaq.g_01915	Prba.g_00208
OG0001382	Syaq.g_00662	Prba.g_00277
OG0001385	Syaq.g_01209	Prba.g_01426
OG0001386	Syaq.g_01208	Prba.g_01425
OG0001387	Syaq.g_01207	Prba.g_01424
OG0001388	Syaq.g_01204	Prba.g_01421
OG0001389	Syaq.g_01203	Prba.g_01420
OG0001390	Syaq.g_01202	Prba.g_01419
OG0001391	Syaq.g_01201	Prba.g_01418
OG0001392	Syaq.g_01200	Prba.g_01417
OG0001393	Syaq.g_01199	Prba.g_01416
OG0001395	Syaq.g_00045	Prba.g_01277
OG0001402	Syaq.g_02061	Prba.g_01540
OG0001408	Syaq.g_02125	Prba.g_01237
OG0001409	Syaq.g_00229	Prba.g_00056
OG0001413	Syaq.g_00139	Prba.g_00303
OG0001416	Syaq.g_00303	Prba.g_01002
OG0001417	Syaq.g_02502	Prba.g_00992
OG0001418	Syaq.g_00243	Prba.g_01633
OG0001420	Syaq.g_01833	Prba.g_00741
OG0001428	Syaq.g_01396	Prba.g_00628
OG0001429	Syaq.g_02438	Prba.g_01509
OG0001430	Syaq.g_01271	Prba.g_01161
OG0001432	Syaq.g_01862	Prba.g_00305
OG0001433	Syaq.g_00128	Prba.g_01536
OG0001434	Syaq.g_02312	Prba.g_01376
OG0001439	Syaq.g_00863	Prba.g_00523
OG0001441	Syaq.g_01822	Prba.g_00940
OG0001442	Syaq.g_02322	Prba.g_01564
OG0001447	Syaq.g_01456	Prba.g_01914
OG0001448	Syaq.g_01873	Prba.g_00860
OG0001449	Syaq.g_00698	Prba.g_00896
OG0001452	Syaq.g_00723	Prba.g_01408
OG0001453	Syaq.g_02522	Prba.g_01315
OG0001454	Syaq.g_01917	Prba.g_01227
OG0001456	Syaq.g_01196	Prba.g_00087
OG0001457	Syaq.g_01195	Prba.g_00086
OG0001458	Syaq.g_01194	Prba.g_00085
OG0001460	Syaq.g_00129	Prba.g_01537
OG0001462	Syaq.g_01108	Prba.g_01827
OG0001465	Syaq.g_02704	Prba.g_01615
OG0001467	Syaq.g_00354	Prba.g_01520
OG0001471	Syaq.g_00859	Prba.g_00302
OG0001473	Syaq.g_02134	Prba.g_00787
OG0001474	Syaq.g_00552	Prba.g_00556
OG0001475	Syaq.g_00905	Prba.g_00162
OG0001479	Syaq.g_00555	Prba.g_00553
OG0001480	Syaq.g_02121	Prba.g_00862
OG0001482	Syaq.g_02512	Prba.g_01004
OG0001486	Syaq.g_00251	Prba.g_00066
OG0001492	Syaq.g_00158	Prba.g_00016
OG0001493	Syaq.g_00150	Prba.g_00008
OG0001502	Syaq.g_02407	Prba.g_01529
OG0001505	Syaq.g_00934	Prba.g_00163
OG0001508	Syaq.g_00902	Prba.g_00174
OG0001520	Syaq.g_01953	Prba.g_00888
OG0001525	Syaq.g_02129	Prba.g_00286
OG0001546	Syaq.g_01825	Prba.g_00937
OG0001547	Syaq.g_02422	Prba.g_01527
OG0001549	Syaq.g_02416	Prba.g_01440
OG0001551	Syaq.g_02572	Prba.g_00088
OG0001553	Syaq.g_00368	Prba.g_00716
OG0001554	Syaq.g_01266	Prba.g_00296
OG0001564	Syaq.g_02158	Prba.g_00133
OG0001565	Syaq.g_02120	Prba.g_01042
OG0001567	Syaq.g_02421	Prba.g_01528
OG0001568	Syaq.g_02424	Prba.g_01526
OG0001570	Syaq.g_02417	Prba.g_00738
OG0001602	Syaq.g_02705	Prba.g_01616
OG0001605	Syaq.g_01892	Prba.g_01296
OG0001613	Syaq.g_00582	Prba.g_01058
OG0001627	Syaq.g_01735	Prba.g_01550
OG0001666	Syaq.g_02653	Prba.g_01149
OG0001709	Syaq.g_00943	Prba.g_00117
OG0001726	Syaq.g_02419	Prba.g_00914
OG0002029	Syaq.g_02609, Syaq.g_02652	Prba.g_01148
OG0002112	Syaq.g_00850	Prba.g_00908
OG0002157	Syaq.g_00851	Prba.g_00909
OG0002158	Syaq.g_00849	Prba.g_00907
OG0002349	Syaq.g_01615	Prba.g_00575
OG0002733	Syaq.g_00011	Prba.g_01109
