Orthogroup	Prba	Prbg
OG0000000	Prba.g_00203	Prbg.g_01222, Prbg.g_01227
OG0000000	Prba.g_01639	Prbg.g_01119, Prbg.g_01516, Prbg.g_00523, Prbg.g_01514, Prbg.g_01521, Prbg.g_00694
OG0000002	Prba.g_00211	Prbg.g_00502
OG0000002	Prba.g_01081, Prba.g_01080	Prbg.g_01069
OG0000003	Prba.g_01172	Prbg.g_01524
OG0000004	Prba.g_01570, Prba.g_01563, Prba.g_01171	Prbg.g_00451
OG0000005	Prba.g_00243	Prbg.g_01567
OG0000006	Prba.g_00964	Prbg.g_00216
OG0000006	Prba.g_00226	Prbg.g_01650
OG0000007	Prba.g_01131	Prbg.g_00744
OG0000009	Prba.g_01519	Prbg.g_01510
OG0000009	Prba.g_00468	Prbg.g_01032
OG0000010	Prba.g_00734, Prba.g_01157	Prbg.g_00032
OG0000011	Prba.g_00913	Prbg.g_00143
OG0000012	Prba.g_01719	Prbg.g_00317, Prbg.g_00324
OG0000013	Prba.g_01538	Prbg.g_01589, Prbg.g_01635
OG0000014	Prba.g_00991, Prba.g_01175	Prbg.g_00721, Prbg.g_01569
OG0000015	Prba.g_00876	Prbg.g_01578, Prbg.g_01611
OG0000016	Prba.g_00200	Prbg.g_01540, Prbg.g_00688
OG0000018	Prba.g_00460	Prbg.g_01024
OG0000019	Prba.g_00245	Prbg.g_01145
OG0000020	Prba.g_00868	Prbg.g_00464, Prbg.g_00050
OG0000021	Prba.g_01517	Prbg.g_01632
OG0000023	Prba.g_01142	Prbg.g_00686
OG0000024	Prba.g_00522	Prbg.g_00086
OG0000025	Prba.g_00899	Prbg.g_01055
OG0000028	Prba.g_00713	Prbg.g_00591
OG0000029	Prba.g_00275	Prbg.g_00174
OG0000032	Prba.g_00173	Prbg.g_00550
OG0000033	Prba.g_01806	Prbg.g_01544
OG0000034	Prba.g_00160	Prbg.g_00569
OG0000035	Prba.g_01409	Prbg.g_00025
OG0000036	Prba.g_01731	Prbg.g_01639, Prbg.g_00304
OG0000037	Prba.g_01694	Prbg.g_00706, Prbg.g_00342
OG0000038	Prba.g_01543	Prbg.g_00682
OG0000039	Prba.g_00622	Prbg.g_00944
OG0000040	Prba.g_00854	Prbg.g_00013
OG0000042	Prba.g_01594	Prbg.g_01151
OG0000043	Prba.g_01514	Prbg.g_01251
OG0000045	Prba.g_00153	Prbg.g_00551
OG0000046	Prba.g_00233	Prbg.g_01642, Prbg.g_00716
OG0000047	Prba.g_00768	Prbg.g_01847
OG0000048	Prba.g_00775	Prbg.g_01855
OG0000050	Prba.g_01824	Prbg.g_00842
OG0000051	Prba.g_01945	Prbg.g_00935
OG0000052	Prba.g_00864	Prbg.g_00388
OG0000053	Prba.g_00922	Prbg.g_00256
OG0000054	Prba.g_01548	Prbg.g_00359
OG0000055	Prba.g_01477	Prbg.g_01182
OG0000056	Prba.g_00727	Prbg.g_01542
OG0000057	Prba.g_00456	Prbg.g_01019
OG0000058	Prba.g_00986	Prbg.g_00194
OG0000059	Prba.g_01619	Prbg.g_01143
OG0000062	Prba.g_00097	Prbg.g_00749
OG0000063	Prba.g_01135	Prbg.g_01459
OG0000065	Prba.g_01192	Prbg.g_00477
OG0000066	Prba.g_00175	Prbg.g_00549
OG0000067	Prba.g_00900	Prbg.g_00415
OG0000068	Prba.g_00429	Prbg.g_01785
OG0000069	Prba.g_00149	Prbg.g_00630
OG0000071	Prba.g_01804	Prbg.g_00778
OG0000072	Prba.g_00538	Prbg.g_00100
OG0000073	Prba.g_01648	Prbg.g_01386
OG0000074	Prba.g_01626	Prbg.g_01133
OG0000075	Prba.g_01492	Prbg.g_01166
OG0000076	Prba.g_01264	Prbg.g_01234
OG0000077	Prba.g_00242	Prbg.g_01566
OG0000078	Prba.g_00155	Prbg.g_00552
OG0000079	Prba.g_00310	Prbg.g_00676
OG0000080	Prba.g_00261	Prbg.g_00414
OG0000081	Prba.g_01069	Prbg.g_01819
OG0000082	Prba.g_00831	Prbg.g_00419
OG0000083	Prba.g_01796	Prbg.g_00770
OG0000084	Prba.g_01799	Prbg.g_00773
OG0000085	Prba.g_01816	Prbg.g_00851
OG0000087	Prba.g_01843	Prbg.g_00822
OG0000088	Prba.g_01901	Prbg.g_00887
OG0000089	Prba.g_01909	Prbg.g_00896
OG0000090	Prba.g_01927	Prbg.g_00913
OG0000091	Prba.g_00625	Prbg.g_00947
OG0000092	Prba.g_00626	Prbg.g_00948
OG0000093	Prba.g_00640	Prbg.g_00962
OG0000094	Prba.g_00658	Prbg.g_00981
OG0000095	Prba.g_00663	Prbg.g_00986
OG0000096	Prba.g_00470	Prbg.g_01034
OG0000097	Prba.g_00491	Prbg.g_00053
OG0000099	Prba.g_00510	Prbg.g_00074
OG0000100	Prba.g_00513	Prbg.g_00077
OG0000101	Prba.g_00851	Prbg.g_00139
OG0000102	Prba.g_00877	Prbg.g_00459
OG0000103	Prba.g_00985	Prbg.g_00195
OG0000104	Prba.g_00981	Prbg.g_00199
OG0000105	Prba.g_00962	Prbg.g_00219
OG0000106	Prba.g_00929	Prbg.g_00249
OG0000107	Prba.g_00928	Prbg.g_00250
OG0000108	Prba.g_01772	Prbg.g_00260
OG0000109	Prba.g_01763	Prbg.g_00270
OG0000110	Prba.g_01747	Prbg.g_00287
OG0000111	Prba.g_01666	Prbg.g_01405
OG0000112	Prba.g_01665	Prbg.g_01404
OG0000113	Prba.g_01572	Prbg.g_01354
OG0000114	Prba.g_01501	Prbg.g_01157
OG0000115	Prba.g_01337	Prbg.g_01287
OG0000116	Prba.g_01333	Prbg.g_01291
OG0000117	Prba.g_01267	Prbg.g_01237
OG0000118	Prba.g_01216	Prbg.g_01531
OG0000119	Prba.g_00094	Prbg.g_00752
OG0000120	Prba.g_00057	Prbg.g_01480
OG0000121	Prba.g_00038	Prbg.g_01457
OG0000122	Prba.g_00019	Prbg.g_01437
OG0000123	Prba.g_00006	Prbg.g_00352
OG0000124	Prba.g_01084	Prbg.g_00687
OG0000125	Prba.g_01204	Prbg.g_00490
OG0000126	Prba.g_00196	Prbg.g_00529
OG0000127	Prba.g_00110	Prbg.g_00579
OG0000128	Prba.g_00712	Prbg.g_00592
OG0000129	Prba.g_00676, Prba.g_00351	Prbg.g_00628
OG0000130	Prba.g_00228	Prbg.g_01647
OG0000131	Prba.g_00584	Prbg.g_01686
OG0000132	Prba.g_00581	Prbg.g_01689
OG0000133	Prba.g_00388	Prbg.g_01743
OG0000134	Prba.g_00424	Prbg.g_01779
OG0000135	Prba.g_00426	Prbg.g_01781
OG0000136	Prba.g_00752	Prbg.g_01831
OG0000137	Prba.g_00785	Prbg.g_01865
OG0000138	Prba.g_00821	Prbg.g_01900
OG0000139	Prba.g_00848, Prba.g_01776	Prbg.g_01931
OG0000140	Prba.g_01794	Prbg.g_00768
OG0000141	Prba.g_01795	Prbg.g_00769
OG0000142	Prba.g_01797	Prbg.g_00771
OG0000143	Prba.g_01798	Prbg.g_00772
OG0000144	Prba.g_01800	Prbg.g_00774
OG0000145	Prba.g_01801	Prbg.g_00775
OG0000146	Prba.g_01802	Prbg.g_00776
OG0000147	Prba.g_01803	Prbg.g_00777
OG0000148	Prba.g_01805	Prbg.g_00779
OG0000149	Prba.g_01807	Prbg.g_00860
OG0000150	Prba.g_01808	Prbg.g_00859
OG0000151	Prba.g_01809	Prbg.g_00858
OG0000152	Prba.g_01810	Prbg.g_00857
OG0000153	Prba.g_01811	Prbg.g_00856
OG0000154	Prba.g_01812	Prbg.g_00855
OG0000155	Prba.g_01813	Prbg.g_00854
OG0000156	Prba.g_01814	Prbg.g_00853
OG0000157	Prba.g_01815	Prbg.g_00852
OG0000158	Prba.g_01817	Prbg.g_00850
OG0000159	Prba.g_01818	Prbg.g_00849
OG0000160	Prba.g_01819	Prbg.g_00848
OG0000161	Prba.g_01820	Prbg.g_00847
OG0000162	Prba.g_01821	Prbg.g_00846
OG0000163	Prba.g_01822	Prbg.g_00844
OG0000164	Prba.g_01825	Prbg.g_00841
OG0000165	Prba.g_01828	Prbg.g_00838
OG0000166	Prba.g_01829	Prbg.g_00837
OG0000167	Prba.g_01830	Prbg.g_00836
OG0000168	Prba.g_01834	Prbg.g_00834
OG0000169	Prba.g_01836	Prbg.g_00832
OG0000170	Prba.g_01837	Prbg.g_00830
OG0000171	Prba.g_01838	Prbg.g_00829
OG0000172	Prba.g_01839	Prbg.g_00828
OG0000173	Prba.g_01840	Prbg.g_00825
OG0000174	Prba.g_01841	Prbg.g_00824
OG0000175	Prba.g_01842	Prbg.g_00823
OG0000176	Prba.g_01844	Prbg.g_00821
OG0000177	Prba.g_01845	Prbg.g_00820
OG0000178	Prba.g_01846	Prbg.g_00818
OG0000179	Prba.g_01852	Prbg.g_00806
OG0000180	Prba.g_01853	Prbg.g_00805
OG0000181	Prba.g_01854	Prbg.g_00804
OG0000182	Prba.g_01857	Prbg.g_00800
OG0000183	Prba.g_01858	Prbg.g_00799
OG0000184	Prba.g_01861	Prbg.g_00796
OG0000185	Prba.g_01865	Prbg.g_00792
OG0000186	Prba.g_01866	Prbg.g_00791
OG0000187	Prba.g_01867	Prbg.g_00017
OG0000188	Prba.g_01868	Prbg.g_00790
OG0000189	Prba.g_01869	Prbg.g_00789
OG0000190	Prba.g_01870	Prbg.g_00788
OG0000191	Prba.g_01871	Prbg.g_00787
OG0000192	Prba.g_01872	Prbg.g_00786
OG0000193	Prba.g_01873	Prbg.g_00785
OG0000194	Prba.g_01874	Prbg.g_00784
OG0000195	Prba.g_01876	Prbg.g_00782
OG0000196	Prba.g_01877	Prbg.g_00781
OG0000197	Prba.g_01878	Prbg.g_00780
OG0000198	Prba.g_01879	Prbg.g_00861
OG0000199	Prba.g_01882	Prbg.g_00864
OG0000200	Prba.g_01883	Prbg.g_00865
OG0000201	Prba.g_01884	Prbg.g_00866
OG0000202	Prba.g_01885	Prbg.g_00868
OG0000203	Prba.g_01886	Prbg.g_00869
OG0000204	Prba.g_01887	Prbg.g_00870
OG0000205	Prba.g_01888	Prbg.g_00872
OG0000206	Prba.g_01889	Prbg.g_00873
OG0000207	Prba.g_01890	Prbg.g_00874
OG0000208	Prba.g_01891	Prbg.g_00875
OG0000209	Prba.g_01892	Prbg.g_00876
OG0000210	Prba.g_01894	Prbg.g_00877
OG0000211	Prba.g_01895	Prbg.g_00879
OG0000212	Prba.g_01896	Prbg.g_00880
OG0000213	Prba.g_01897	Prbg.g_00881
OG0000214	Prba.g_01899	Prbg.g_00885
OG0000215	Prba.g_01900	Prbg.g_00886
OG0000216	Prba.g_01902	Prbg.g_00888
OG0000217	Prba.g_01903	Prbg.g_00889
OG0000218	Prba.g_01904	Prbg.g_00890
OG0000219	Prba.g_01905	Prbg.g_00891
OG0000220	Prba.g_01908	Prbg.g_00894
OG0000221	Prba.g_01910	Prbg.g_00897
OG0000222	Prba.g_01911	Prbg.g_00898
OG0000223	Prba.g_01912	Prbg.g_00899
OG0000224	Prba.g_01915	Prbg.g_00901
OG0000225	Prba.g_01917	Prbg.g_00903
OG0000226	Prba.g_01918	Prbg.g_00905
OG0000227	Prba.g_01919	Prbg.g_00906
OG0000228	Prba.g_01920	Prbg.g_00907
OG0000229	Prba.g_01921	Prbg.g_00908
OG0000230	Prba.g_01922	Prbg.g_00909
OG0000231	Prba.g_01924	Prbg.g_01349
OG0000232	Prba.g_01925	Prbg.g_00911
OG0000233	Prba.g_01928	Prbg.g_00914
OG0000234	Prba.g_01930	Prbg.g_00916
OG0000235	Prba.g_01933	Prbg.g_00922
OG0000236	Prba.g_01934	Prbg.g_00923
OG0000237	Prba.g_01935	Prbg.g_00924
OG0000238	Prba.g_01936	Prbg.g_00925
OG0000239	Prba.g_01937	Prbg.g_00926
OG0000240	Prba.g_01939	Prbg.g_00928
OG0000241	Prba.g_01940	Prbg.g_00929
OG0000242	Prba.g_01941	Prbg.g_00930
OG0000243	Prba.g_01942	Prbg.g_00931
OG0000244	Prba.g_01943	Prbg.g_00932
OG0000245	Prba.g_01944	Prbg.g_00934
OG0000246	Prba.g_01946	Prbg.g_00936
OG0000247	Prba.g_01947	Prbg.g_00937
OG0000248	Prba.g_01948	Prbg.g_00938
OG0000249	Prba.g_01949	Prbg.g_00939
OG0000250	Prba.g_01950	Prbg.g_00940
OG0000251	Prba.g_01951	Prbg.g_00941
OG0000252	Prba.g_01952	Prbg.g_00942
OG0000253	Prba.g_01953	Prbg.g_00943
OG0000254	Prba.g_00623	Prbg.g_00945
OG0000255	Prba.g_00624	Prbg.g_00946
OG0000256	Prba.g_00627	Prbg.g_00949
OG0000257	Prba.g_00629	Prbg.g_00951
OG0000258	Prba.g_00630	Prbg.g_00952
OG0000259	Prba.g_00631	Prbg.g_00953
OG0000260	Prba.g_00632	Prbg.g_00954
OG0000261	Prba.g_00633	Prbg.g_00955
OG0000262	Prba.g_00634	Prbg.g_00956
OG0000263	Prba.g_00635	Prbg.g_00957
OG0000264	Prba.g_00637	Prbg.g_00959
OG0000265	Prba.g_00638	Prbg.g_00960
OG0000266	Prba.g_00639	Prbg.g_00961
OG0000267	Prba.g_00641	Prbg.g_00963
OG0000268	Prba.g_00642	Prbg.g_00965
OG0000269	Prba.g_00643	Prbg.g_00966
OG0000270	Prba.g_00644	Prbg.g_00967
OG0000271	Prba.g_00645	Prbg.g_00968
OG0000272	Prba.g_00646	Prbg.g_00969
OG0000273	Prba.g_00647	Prbg.g_00970
OG0000274	Prba.g_00648	Prbg.g_00971
OG0000275	Prba.g_00649	Prbg.g_00972
OG0000276	Prba.g_00650	Prbg.g_00973
OG0000277	Prba.g_00651	Prbg.g_00974
OG0000278	Prba.g_00652	Prbg.g_00975
OG0000279	Prba.g_00653	Prbg.g_00976
OG0000280	Prba.g_00654	Prbg.g_00977
OG0000281	Prba.g_00656	Prbg.g_00979
OG0000282	Prba.g_00657	Prbg.g_00980
OG0000283	Prba.g_00660	Prbg.g_00983
OG0000284	Prba.g_00661	Prbg.g_00984
OG0000285	Prba.g_00662	Prbg.g_00985
OG0000286	Prba.g_00664	Prbg.g_00987
OG0000287	Prba.g_00665	Prbg.g_00989
OG0000288	Prba.g_00666	Prbg.g_00990
OG0000289	Prba.g_00667	Prbg.g_00991
OG0000290	Prba.g_00668	Prbg.g_00992
OG0000291	Prba.g_00669	Prbg.g_00993
OG0000292	Prba.g_00670	Prbg.g_00994
OG0000293	Prba.g_00671	Prbg.g_00995
OG0000294	Prba.g_00672	Prbg.g_00996
OG0000295	Prba.g_00673	Prbg.g_00997
OG0000296	Prba.g_00674	Prbg.g_00998
OG0000297	Prba.g_00675	Prbg.g_00999
OG0000298	Prba.g_00439	Prbg.g_01000
OG0000299	Prba.g_00440	Prbg.g_01001
OG0000300	Prba.g_00441	Prbg.g_01002
OG0000301	Prba.g_00442	Prbg.g_01003
OG0000302	Prba.g_00443	Prbg.g_01004
OG0000303	Prba.g_00444	Prbg.g_01005
OG0000304	Prba.g_00445	Prbg.g_01007
OG0000305	Prba.g_00446	Prbg.g_01008
OG0000306	Prba.g_00447	Prbg.g_01009
OG0000307	Prba.g_00448	Prbg.g_01011
OG0000308	Prba.g_00449	Prbg.g_01012
OG0000309	Prba.g_00450	Prbg.g_01013
OG0000310	Prba.g_00451	Prbg.g_01014
OG0000311	Prba.g_00452	Prbg.g_01015
OG0000312	Prba.g_00454	Prbg.g_01017
OG0000313	Prba.g_00455	Prbg.g_01018
OG0000314	Prba.g_00458	Prbg.g_01022
OG0000315	Prba.g_00459	Prbg.g_01023
OG0000316	Prba.g_00461	Prbg.g_01025
OG0000317	Prba.g_00463	Prbg.g_01027
OG0000318	Prba.g_00464	Prbg.g_01028
OG0000319	Prba.g_00465	Prbg.g_01029
OG0000320	Prba.g_00466	Prbg.g_01030
OG0000321	Prba.g_00469	Prbg.g_01033
OG0000322	Prba.g_00472	Prbg.g_01037
OG0000323	Prba.g_00473	Prbg.g_01038
OG0000324	Prba.g_00476	Prbg.g_01041
OG0000325	Prba.g_00477	Prbg.g_01042
OG0000326	Prba.g_00478	Prbg.g_01043
OG0000327	Prba.g_00480	Prbg.g_01045
OG0000328	Prba.g_00481	Prbg.g_01046
OG0000329	Prba.g_00482	Prbg.g_00042
OG0000330	Prba.g_00483	Prbg.g_00043
OG0000331	Prba.g_00484	Prbg.g_00045
OG0000332	Prba.g_00485	Prbg.g_00046
OG0000333	Prba.g_00486	Prbg.g_00047
OG0000334	Prba.g_00487	Prbg.g_00048
OG0000335	Prba.g_00488	Prbg.g_00049
OG0000336	Prba.g_00489	Prbg.g_00051
OG0000337	Prba.g_00492	Prbg.g_00054
OG0000338	Prba.g_00493	Prbg.g_00055
OG0000339	Prba.g_00494	Prbg.g_00056
OG0000340	Prba.g_00495	Prbg.g_00057
OG0000341	Prba.g_00499	Prbg.g_00061
OG0000342	Prba.g_00500	Prbg.g_00062
OG0000343	Prba.g_00502	Prbg.g_00065
OG0000344	Prba.g_00503	Prbg.g_00066
OG0000345	Prba.g_00504	Prbg.g_00067
OG0000346	Prba.g_00505	Prbg.g_00068
OG0000347	Prba.g_00506	Prbg.g_00069
OG0000348	Prba.g_00507	Prbg.g_00071
OG0000349	Prba.g_00508	Prbg.g_00072
OG0000350	Prba.g_00509	Prbg.g_00073
OG0000351	Prba.g_00511	Prbg.g_00075
OG0000352	Prba.g_00514	Prbg.g_00078
OG0000353	Prba.g_00515	Prbg.g_00079
OG0000354	Prba.g_00516	Prbg.g_00080
OG0000355	Prba.g_00517	Prbg.g_00081
OG0000356	Prba.g_00518	Prbg.g_00082
OG0000357	Prba.g_00519	Prbg.g_00083
OG0000358	Prba.g_00520	Prbg.g_00084
OG0000359	Prba.g_00521	Prbg.g_00085
OG0000360	Prba.g_00524	Prbg.g_00087
OG0000361	Prba.g_00525	Prbg.g_00088
OG0000362	Prba.g_00526	Prbg.g_00089
OG0000363	Prba.g_00527	Prbg.g_00090
OG0000364	Prba.g_00528	Prbg.g_00091
OG0000365	Prba.g_00529	Prbg.g_00092
OG0000366	Prba.g_00530	Prbg.g_00093
OG0000367	Prba.g_00531	Prbg.g_00094
OG0000368	Prba.g_00532	Prbg.g_00095
OG0000369	Prba.g_00533	Prbg.g_00096
OG0000370	Prba.g_00534	Prbg.g_00097
OG0000371	Prba.g_00535	Prbg.g_00098
OG0000372	Prba.g_00537	Prbg.g_00099
OG0000373	Prba.g_00539	Prbg.g_00101
OG0000374	Prba.g_00540	Prbg.g_00102
OG0000375	Prba.g_00541	Prbg.g_00103
OG0000376	Prba.g_00543	Prbg.g_00104
OG0000377	Prba.g_00544	Prbg.g_00110
OG0000378	Prba.g_00545	Prbg.g_00111
OG0000379	Prba.g_00550	Prbg.g_00117
OG0000380	Prba.g_00551	Prbg.g_00119
OG0000381	Prba.g_00552	Prbg.g_00120
OG0000382	Prba.g_00554	Prbg.g_00121
OG0000383	Prba.g_00557	Prbg.g_00124
OG0000384	Prba.g_00558	Prbg.g_00125
OG0000385	Prba.g_00561	Prbg.g_00128
OG0000386	Prba.g_00562	Prbg.g_00129
OG0000387	Prba.g_00218	Prbg.g_00130
OG0000388	Prba.g_00219	Prbg.g_00131
OG0000389	Prba.g_00220	Prbg.g_00132
OG0000390	Prba.g_00221	Prbg.g_01941
OG0000391	Prba.g_00222	Prbg.g_01942
OG0000392	Prba.g_00223	Prbg.g_01943
OG0000393	Prba.g_00849	Prbg.g_00136
OG0000394	Prba.g_00850	Prbg.g_00137
OG0000395	Prba.g_00852	Prbg.g_00140
OG0000396	Prba.g_00853	Prbg.g_01214
OG0000397	Prba.g_00865	Prbg.g_01530
OG0000398	Prba.g_00873	Prbg.g_01602
OG0000399	Prba.g_00874	Prbg.g_01525
OG0000400	Prba.g_00880	Prbg.g_01714
OG0000401	Prba.g_01030	Prbg.g_00151
OG0000402	Prba.g_01029	Prbg.g_00152
OG0000403	Prba.g_01028	Prbg.g_00153
OG0000404	Prba.g_01026	Prbg.g_00155
OG0000405	Prba.g_01025	Prbg.g_00156
OG0000406	Prba.g_01023	Prbg.g_00158
OG0000407	Prba.g_01022	Prbg.g_00159
OG0000408	Prba.g_01021	Prbg.g_00160
OG0000409	Prba.g_01020	Prbg.g_00161
OG0000410	Prba.g_01019	Prbg.g_00162
OG0000411	Prba.g_01018	Prbg.g_00163
OG0000412	Prba.g_01017	Prbg.g_00164
OG0000413	Prba.g_01016	Prbg.g_00165
OG0000414	Prba.g_01015	Prbg.g_00166
OG0000415	Prba.g_01014	Prbg.g_00167
OG0000416	Prba.g_01013	Prbg.g_00168
OG0000417	Prba.g_01012	Prbg.g_00169
OG0000418	Prba.g_01011	Prbg.g_00170
OG0000419	Prba.g_01010	Prbg.g_00171
OG0000420	Prba.g_01009	Prbg.g_00172
OG0000421	Prba.g_01008	Prbg.g_00176
OG0000422	Prba.g_01006	Prbg.g_00178
OG0000423	Prba.g_01005	Prbg.g_00179
OG0000424	Prba.g_01003	Prbg.g_00180
OG0000425	Prba.g_01000	Prbg.g_00184
OG0000426	Prba.g_00999	Prbg.g_00185
OG0000427	Prba.g_00998	Prbg.g_00186
OG0000428	Prba.g_00997	Prbg.g_00188
OG0000429	Prba.g_00996	Prbg.g_00189
OG0000430	Prba.g_00990	Prbg.g_00190
OG0000431	Prba.g_00988	Prbg.g_00192
OG0000432	Prba.g_00987	Prbg.g_00193
OG0000433	Prba.g_00984	Prbg.g_00196
OG0000434	Prba.g_00983	Prbg.g_00197
OG0000435	Prba.g_00982	Prbg.g_00198
OG0000436	Prba.g_00980	Prbg.g_00200
OG0000437	Prba.g_00978	Prbg.g_00202
OG0000438	Prba.g_00977	Prbg.g_00203
OG0000439	Prba.g_00976	Prbg.g_00204
OG0000440	Prba.g_00974	Prbg.g_00206
OG0000441	Prba.g_00973	Prbg.g_00207
OG0000442	Prba.g_00972	Prbg.g_00208
OG0000443	Prba.g_00971	Prbg.g_00209
OG0000444	Prba.g_00970	Prbg.g_00210
OG0000445	Prba.g_00969	Prbg.g_00211
OG0000446	Prba.g_00968	Prbg.g_00212
OG0000447	Prba.g_00967	Prbg.g_00213
OG0000448	Prba.g_00966	Prbg.g_00214
OG0000449	Prba.g_00961	Prbg.g_00220
OG0000450	Prba.g_00960	Prbg.g_00221
OG0000451	Prba.g_00959	Prbg.g_00222
OG0000452	Prba.g_00958	Prbg.g_00223
OG0000453	Prba.g_00956	Prbg.g_00224
OG0000454	Prba.g_00955	Prbg.g_00225
OG0000455	Prba.g_00954	Prbg.g_00226
OG0000456	Prba.g_00953	Prbg.g_00227
OG0000457	Prba.g_00951	Prbg.g_00229
OG0000458	Prba.g_00949	Prbg.g_00231
OG0000459	Prba.g_00948	Prbg.g_00232
OG0000460	Prba.g_00946	Prbg.g_00234
OG0000461	Prba.g_00945	Prbg.g_00235
OG0000462	Prba.g_00944	Prbg.g_00236
OG0000463	Prba.g_00943	Prbg.g_00237
OG0000464	Prba.g_00938	Prbg.g_00241
OG0000465	Prba.g_00936	Prbg.g_00242
OG0000466	Prba.g_00935	Prbg.g_00243
OG0000467	Prba.g_00934	Prbg.g_00244
OG0000468	Prba.g_00933	Prbg.g_00245
OG0000469	Prba.g_00932	Prbg.g_00246
OG0000470	Prba.g_00931	Prbg.g_00247
OG0000471	Prba.g_00930	Prbg.g_00248
OG0000472	Prba.g_00927	Prbg.g_00251
OG0000473	Prba.g_00926	Prbg.g_00252
OG0000474	Prba.g_00925	Prbg.g_00253
OG0000475	Prba.g_00924	Prbg.g_00254
OG0000476	Prba.g_00923	Prbg.g_00255
OG0000477	Prba.g_01775	Prbg.g_00257
OG0000478	Prba.g_01774	Prbg.g_00258
OG0000479	Prba.g_01773	Prbg.g_00259
OG0000480	Prba.g_01771	Prbg.g_00261
OG0000481	Prba.g_01770	Prbg.g_00262
OG0000482	Prba.g_01769	Prbg.g_00264
OG0000483	Prba.g_01768	Prbg.g_00265
OG0000484	Prba.g_01767	Prbg.g_00266
OG0000485	Prba.g_01766	Prbg.g_00267
OG0000486	Prba.g_01765	Prbg.g_00268
OG0000487	Prba.g_01764	Prbg.g_00269
OG0000488	Prba.g_01762	Prbg.g_00271
OG0000489	Prba.g_01761	Prbg.g_00272
OG0000490	Prba.g_01760	Prbg.g_00273
OG0000491	Prba.g_01759	Prbg.g_00274
OG0000492	Prba.g_01758	Prbg.g_00275
OG0000493	Prba.g_01757	Prbg.g_00276
OG0000494	Prba.g_01755	Prbg.g_00277
OG0000495	Prba.g_01754	Prbg.g_00278
OG0000496	Prba.g_01753	Prbg.g_00280
OG0000497	Prba.g_01752	Prbg.g_00282
OG0000498	Prba.g_01751	Prbg.g_00283
OG0000499	Prba.g_01749	Prbg.g_00285
OG0000500	Prba.g_01748	Prbg.g_00286
OG0000501	Prba.g_01746	Prbg.g_00288
OG0000502	Prba.g_01745	Prbg.g_00289
OG0000503	Prba.g_01744	Prbg.g_00290
OG0000504	Prba.g_01743	Prbg.g_00291
OG0000505	Prba.g_01742	Prbg.g_00292
OG0000506	Prba.g_01741	Prbg.g_00293
OG0000507	Prba.g_01740	Prbg.g_00294
OG0000508	Prba.g_01738	Prbg.g_00296
OG0000509	Prba.g_01737	Prbg.g_00297
OG0000510	Prba.g_01736	Prbg.g_00298
OG0000511	Prba.g_01735	Prbg.g_00299
OG0000512	Prba.g_01734	Prbg.g_00300
OG0000513	Prba.g_01733	Prbg.g_00301
OG0000514	Prba.g_01732	Prbg.g_00302
OG0000515	Prba.g_01730	Prbg.g_00305
OG0000516	Prba.g_01729	Prbg.g_00306
OG0000517	Prba.g_01728	Prbg.g_00307
OG0000518	Prba.g_01726	Prbg.g_00310
OG0000519	Prba.g_01725	Prbg.g_00311
OG0000520	Prba.g_01724	Prbg.g_00312
OG0000521	Prba.g_01723	Prbg.g_00313
OG0000522	Prba.g_01722	Prbg.g_00314
OG0000523	Prba.g_01721	Prbg.g_00315
OG0000524	Prba.g_01720	Prbg.g_00316
OG0000525	Prba.g_01718	Prbg.g_00318
OG0000526	Prba.g_01717	Prbg.g_00319
OG0000527	Prba.g_01716	Prbg.g_00320
OG0000528	Prba.g_01715	Prbg.g_00321
OG0000529	Prba.g_01714	Prbg.g_00322
OG0000530	Prba.g_01713	Prbg.g_00323
OG0000531	Prba.g_01712	Prbg.g_00325
OG0000532	Prba.g_01711	Prbg.g_00326
OG0000533	Prba.g_01710	Prbg.g_00327
OG0000534	Prba.g_01709	Prbg.g_00328
OG0000535	Prba.g_01708	Prbg.g_00329
OG0000536	Prba.g_01707	Prbg.g_00330
OG0000537	Prba.g_01706	Prbg.g_00331
OG0000538	Prba.g_01705	Prbg.g_00332
OG0000539	Prba.g_01704	Prbg.g_00333
OG0000540	Prba.g_01703	Prbg.g_00334
OG0000541	Prba.g_01702	Prbg.g_00335
OG0000542	Prba.g_01701	Prbg.g_00336
OG0000543	Prba.g_01700	Prbg.g_00337
OG0000544	Prba.g_01699	Prbg.g_00338
OG0000545	Prba.g_01696	Prbg.g_00340
OG0000546	Prba.g_01695	Prbg.g_00341
OG0000547	Prba.g_01693	Prbg.g_00343
OG0000548	Prba.g_01692	Prbg.g_00345
OG0000549	Prba.g_01691	Prbg.g_00346
OG0000550	Prba.g_01690	Prbg.g_00347
OG0000551	Prba.g_01689	Prbg.g_00349
OG0000552	Prba.g_01688	Prbg.g_00350
OG0000553	Prba.g_01687	Prbg.g_01427
OG0000554	Prba.g_01686	Prbg.g_01426
OG0000555	Prba.g_01685	Prbg.g_01425
OG0000556	Prba.g_01684	Prbg.g_01424
OG0000557	Prba.g_01683	Prbg.g_01423
OG0000558	Prba.g_01682	Prbg.g_01422
OG0000559	Prba.g_01681	Prbg.g_01421
OG0000560	Prba.g_01679	Prbg.g_01419
OG0000561	Prba.g_01678	Prbg.g_01418
OG0000562	Prba.g_01677	Prbg.g_01416
OG0000563	Prba.g_01676	Prbg.g_01415
OG0000564	Prba.g_01675	Prbg.g_01414
OG0000565	Prba.g_01674	Prbg.g_01413
OG0000566	Prba.g_01673	Prbg.g_01412
OG0000567	Prba.g_01672	Prbg.g_01411
OG0000568	Prba.g_01671	Prbg.g_01410
OG0000569	Prba.g_01670	Prbg.g_01409
OG0000570	Prba.g_01669	Prbg.g_01408
OG0000571	Prba.g_01668	Prbg.g_01407
OG0000572	Prba.g_01667	Prbg.g_01406
OG0000573	Prba.g_01664	Prbg.g_01403
OG0000574	Prba.g_01663	Prbg.g_01402
OG0000575	Prba.g_01662	Prbg.g_01401
OG0000576	Prba.g_01661	Prbg.g_01400
OG0000577	Prba.g_01660	Prbg.g_01399
OG0000578	Prba.g_01659	Prbg.g_01398
OG0000579	Prba.g_01658	Prbg.g_01397
OG0000580	Prba.g_01657	Prbg.g_01396
OG0000581	Prba.g_01656	Prbg.g_01395
OG0000582	Prba.g_01655	Prbg.g_01394
OG0000583	Prba.g_01654	Prbg.g_01393
OG0000584	Prba.g_01653	Prbg.g_01391
OG0000585	Prba.g_01652	Prbg.g_01390
OG0000586	Prba.g_01650	Prbg.g_01388
OG0000587	Prba.g_01649	Prbg.g_01387
OG0000588	Prba.g_01647	Prbg.g_01111
OG0000589	Prba.g_01646	Prbg.g_01112
OG0000590	Prba.g_01644	Prbg.g_01114
OG0000591	Prba.g_01638	Prbg.g_01120
OG0000592	Prba.g_01637	Prbg.g_01121
OG0000593	Prba.g_01636	Prbg.g_01122
OG0000594	Prba.g_01634	Prbg.g_01125
OG0000595	Prba.g_01633	Prbg.g_01126
OG0000596	Prba.g_01632	Prbg.g_01127
OG0000597	Prba.g_01630	Prbg.g_01129
OG0000598	Prba.g_01629	Prbg.g_01130
OG0000599	Prba.g_01628	Prbg.g_01131
OG0000600	Prba.g_01627	Prbg.g_01132
OG0000601	Prba.g_01625	Prbg.g_01135
OG0000602	Prba.g_01624	Prbg.g_01136
OG0000603	Prba.g_01623	Prbg.g_01137
OG0000604	Prba.g_01622	Prbg.g_01140
OG0000605	Prba.g_01621	Prbg.g_01141
OG0000606	Prba.g_01620	Prbg.g_01142
OG0000607	Prba.g_01618	Prbg.g_01144
OG0000608	Prba.g_01617	Prbg.g_01146
OG0000609	Prba.g_01613	Prbg.g_01939
OG0000610	Prba.g_01612	Prbg.g_01070
OG0000611	Prba.g_01593	Prbg.g_01152
OG0000612	Prba.g_01592	Prbg.g_01153
OG0000613	Prba.g_01591	Prbg.g_01374
OG0000614	Prba.g_01590	Prbg.g_01373
OG0000615	Prba.g_01588	Prbg.g_01371
OG0000616	Prba.g_01587	Prbg.g_01370
OG0000617	Prba.g_01586	Prbg.g_01369
OG0000618	Prba.g_01585	Prbg.g_01368
OG0000619	Prba.g_01584	Prbg.g_01367
OG0000620	Prba.g_01583	Prbg.g_01366
OG0000621	Prba.g_01582	Prbg.g_01365
OG0000622	Prba.g_01581	Prbg.g_01364
OG0000623	Prba.g_01580	Prbg.g_01363
OG0000624	Prba.g_01579	Prbg.g_01361
OG0000625	Prba.g_01578	Prbg.g_01360
OG0000626	Prba.g_01577	Prbg.g_01359
OG0000627	Prba.g_01576	Prbg.g_01358
OG0000628	Prba.g_01575	Prbg.g_01357
OG0000629	Prba.g_01574	Prbg.g_01356
OG0000630	Prba.g_01573	Prbg.g_01355
OG0000631	Prba.g_01571	Prbg.g_01353
OG0000632	Prba.g_01558	Prbg.g_01352
OG0000633	Prba.g_01554	Prbg.g_00006
OG0000634	Prba.g_01541	Prbg.g_00461
OG0000635	Prba.g_01534	Prbg.g_00366
OG0000636	Prba.g_01533	Prbg.g_00365
OG0000637	Prba.g_01532	Prbg.g_00364
OG0000638	Prba.g_01521	Prbg.g_00114
OG0000639	Prba.g_01512	Prbg.g_01254
OG0000640	Prba.g_01510	Prbg.g_01258
OG0000641	Prba.g_01508	Prbg.g_01260
OG0000642	Prba.g_01507	Prbg.g_01261
OG0000643	Prba.g_01506	Prbg.g_01262
OG0000644	Prba.g_01505	Prbg.g_01375
OG0000645	Prba.g_01504	Prbg.g_01154
OG0000646	Prba.g_01503	Prbg.g_01155
OG0000647	Prba.g_01502	Prbg.g_01156
OG0000648	Prba.g_01500	Prbg.g_01158
OG0000649	Prba.g_01499	Prbg.g_01159
OG0000650	Prba.g_01498	Prbg.g_01160
OG0000651	Prba.g_01497	Prbg.g_01161
OG0000652	Prba.g_01496	Prbg.g_01162
OG0000653	Prba.g_01495	Prbg.g_01163
OG0000654	Prba.g_01493	Prbg.g_01165
OG0000655	Prba.g_01491	Prbg.g_01167
OG0000656	Prba.g_01490	Prbg.g_01168
OG0000657	Prba.g_01489	Prbg.g_01169
OG0000658	Prba.g_01488	Prbg.g_01170
OG0000659	Prba.g_01487	Prbg.g_01171
OG0000660	Prba.g_01486	Prbg.g_01172
OG0000661	Prba.g_01485	Prbg.g_01173
OG0000662	Prba.g_01484	Prbg.g_01175
OG0000663	Prba.g_01483	Prbg.g_01176
OG0000664	Prba.g_01482	Prbg.g_01177
OG0000665	Prba.g_01481	Prbg.g_01178
OG0000666	Prba.g_01480	Prbg.g_01179
OG0000667	Prba.g_01479	Prbg.g_01180
OG0000668	Prba.g_01478	Prbg.g_01181
OG0000669	Prba.g_01476	Prbg.g_01183
OG0000670	Prba.g_01475	Prbg.g_01184
OG0000671	Prba.g_01474	Prbg.g_01185
OG0000672	Prba.g_01473	Prbg.g_01186
OG0000673	Prba.g_01472	Prbg.g_01187
OG0000674	Prba.g_01471	Prbg.g_01188
OG0000675	Prba.g_01469	Prbg.g_01190
OG0000676	Prba.g_01468	Prbg.g_01191
OG0000677	Prba.g_01465	Prbg.g_01194
OG0000678	Prba.g_01463	Prbg.g_01196
OG0000679	Prba.g_01462	Prbg.g_01198
OG0000680	Prba.g_01461	Prbg.g_01199
OG0000681	Prba.g_01460	Prbg.g_01200
OG0000682	Prba.g_01459	Prbg.g_01201
OG0000683	Prba.g_01457	Prbg.g_01203
OG0000684	Prba.g_01456	Prbg.g_01204
OG0000685	Prba.g_01455	Prbg.g_01205
OG0000686	Prba.g_01454	Prbg.g_01206
OG0000687	Prba.g_01453	Prbg.g_01207
OG0000688	Prba.g_01452	Prbg.g_01208
OG0000689	Prba.g_01451	Prbg.g_01209
OG0000690	Prba.g_01450	Prbg.g_01210
OG0000691	Prba.g_01449	Prbg.g_01211
OG0000692	Prba.g_01447	Prbg.g_01215
OG0000693	Prba.g_01446	Prbg.g_01216
OG0000694	Prba.g_01445	Prbg.g_01217
OG0000695	Prba.g_01444	Prbg.g_01218
OG0000696	Prba.g_01443	Prbg.g_01219
OG0000697	Prba.g_01441	Prbg.g_01221
OG0000698	Prba.g_01439	Prbg.g_01225
OG0000699	Prba.g_01438	Prbg.g_01226
OG0000700	Prba.g_01411	Prbg.g_01062
OG0000701	Prba.g_01407	Prbg.g_01067
OG0000702	Prba.g_01404	Prbg.g_01073
OG0000703	Prba.g_01403	Prbg.g_01075
OG0000704	Prba.g_01402	Prbg.g_01076
OG0000705	Prba.g_01401	Prbg.g_01078
OG0000706	Prba.g_01400	Prbg.g_01079
OG0000707	Prba.g_01398	Prbg.g_01081
OG0000708	Prba.g_01397	Prbg.g_01082
OG0000709	Prba.g_01395	Prbg.g_01084
OG0000710	Prba.g_01394	Prbg.g_01085
OG0000711	Prba.g_01393	Prbg.g_01086
OG0000712	Prba.g_01392	Prbg.g_01087
OG0000713	Prba.g_01391	Prbg.g_01088
OG0000714	Prba.g_01389	Prbg.g_01090
OG0000715	Prba.g_01388	Prbg.g_01091
OG0000716	Prba.g_01386	Prbg.g_01093
OG0000717	Prba.g_01385	Prbg.g_01094
OG0000718	Prba.g_01384	Prbg.g_01095
OG0000719	Prba.g_01382	Prbg.g_01097
OG0000720	Prba.g_01381	Prbg.g_01098
OG0000721	Prba.g_01379	Prbg.g_01101
OG0000722	Prba.g_01378	Prbg.g_01102
OG0000723	Prba.g_01377	Prbg.g_01103
OG0000724	Prba.g_01375	Prbg.g_01105
OG0000725	Prba.g_01374	Prbg.g_01106
OG0000726	Prba.g_01373	Prbg.g_01107
OG0000727	Prba.g_01372	Prbg.g_01108
OG0000728	Prba.g_01371	Prbg.g_01109
OG0000729	Prba.g_01370	Prbg.g_01110
OG0000730	Prba.g_01369	Prbg.g_01385
OG0000731	Prba.g_01368	Prbg.g_01383
OG0000732	Prba.g_01367	Prbg.g_01382
OG0000733	Prba.g_01366	Prbg.g_01381
OG0000734	Prba.g_01365	Prbg.g_01380
OG0000735	Prba.g_01363	Prbg.g_01378
OG0000736	Prba.g_01362	Prbg.g_01377
OG0000737	Prba.g_01361	Prbg.g_01376
OG0000738	Prba.g_01360	Prbg.g_01263
OG0000739	Prba.g_01359	Prbg.g_01264
OG0000740	Prba.g_01358	Prbg.g_01265
OG0000741	Prba.g_01357	Prbg.g_01266
OG0000742	Prba.g_01355	Prbg.g_01268
OG0000743	Prba.g_01354	Prbg.g_01269
OG0000744	Prba.g_01353	Prbg.g_01270
OG0000745	Prba.g_01352	Prbg.g_01271
OG0000746	Prba.g_01351	Prbg.g_01272
OG0000747	Prba.g_01350	Prbg.g_01273
OG0000748	Prba.g_01349	Prbg.g_01274
OG0000749	Prba.g_01348	Prbg.g_01275
OG0000750	Prba.g_01347	Prbg.g_01277
OG0000751	Prba.g_01346	Prbg.g_01278
OG0000752	Prba.g_01345	Prbg.g_01337
OG0000753	Prba.g_01343	Prbg.g_01280
OG0000754	Prba.g_01342	Prbg.g_01281
OG0000755	Prba.g_01341	Prbg.g_01282
OG0000756	Prba.g_01340	Prbg.g_01284
OG0000757	Prba.g_01339	Prbg.g_01285
OG0000758	Prba.g_01338	Prbg.g_01286
OG0000759	Prba.g_01336	Prbg.g_01288
OG0000760	Prba.g_01335	Prbg.g_01289
OG0000761	Prba.g_01334	Prbg.g_01290
OG0000762	Prba.g_01332	Prbg.g_01292
OG0000763	Prba.g_01331	Prbg.g_01293
OG0000764	Prba.g_01330	Prbg.g_01294
OG0000765	Prba.g_01329	Prbg.g_01295
OG0000766	Prba.g_01328	Prbg.g_01296
OG0000767	Prba.g_01326	Prbg.g_01298
OG0000768	Prba.g_01325	Prbg.g_01299
OG0000769	Prba.g_01324	Prbg.g_01300
OG0000770	Prba.g_01323	Prbg.g_01301
OG0000771	Prba.g_01322	Prbg.g_01302
OG0000772	Prba.g_01321	Prbg.g_01552
OG0000773	Prba.g_01320	Prbg.g_01304
OG0000774	Prba.g_01319	Prbg.g_01305
OG0000775	Prba.g_01318	Prbg.g_01306
OG0000776	Prba.g_01316	Prbg.g_01309
OG0000777	Prba.g_01314	Prbg.g_01310
OG0000778	Prba.g_01313	Prbg.g_01311
OG0000779	Prba.g_01312	Prbg.g_01312
OG0000780	Prba.g_01310	Prbg.g_01314
OG0000781	Prba.g_01308	Prbg.g_01316
OG0000782	Prba.g_01307	Prbg.g_01317
OG0000783	Prba.g_01295	Prbg.g_01321
OG0000784	Prba.g_01293	Prbg.g_01323
OG0000785	Prba.g_01292	Prbg.g_01324
OG0000786	Prba.g_01291	Prbg.g_01325
OG0000787	Prba.g_01290	Prbg.g_01326
OG0000788	Prba.g_01286	Prbg.g_01332
OG0000789	Prba.g_01284	Prbg.g_01335
OG0000790	Prba.g_01283	Prbg.g_01336
OG0000791	Prba.g_01282	Prbg.g_01339
OG0000792	Prba.g_01281	Prbg.g_01340
OG0000793	Prba.g_01280	Prbg.g_01341
OG0000794	Prba.g_01278	Prbg.g_01344
OG0000795	Prba.g_01275	Prbg.g_01245
OG0000796	Prba.g_01274	Prbg.g_01244
OG0000797	Prba.g_01272	Prbg.g_01242
OG0000798	Prba.g_01271	Prbg.g_01241
OG0000799	Prba.g_01270	Prbg.g_01240
OG0000800	Prba.g_01269	Prbg.g_01239
OG0000801	Prba.g_01266	Prbg.g_01236
OG0000802	Prba.g_01265	Prbg.g_01235
OG0000803	Prba.g_01263	Prbg.g_01233
OG0000804	Prba.g_01262	Prbg.g_01232
OG0000805	Prba.g_01261	Prbg.g_01231
OG0000806	Prba.g_01259	Prbg.g_01229
OG0000807	Prba.g_01234	Prbg.g_00141
OG0000808	Prba.g_01225	Prbg.g_00022
OG0000809	Prba.g_01222	Prbg.g_01534
OG0000810	Prba.g_01221	Prbg.g_00361
OG0000811	Prba.g_01214	Prbg.g_00455
OG0000812	Prba.g_00749	Prbg.g_01528
OG0000813	Prba.g_00745	Prbg.g_00123
OG0000814	Prba.g_00743	Prbg.g_01555
OG0000815	Prba.g_00729	Prbg.g_00528
OG0000816	Prba.g_00096	Prbg.g_00750
OG0000817	Prba.g_00095	Prbg.g_00751
OG0000818	Prba.g_00090	Prbg.g_00011
OG0000819	Prba.g_00083	Prbg.g_01508
OG0000820	Prba.g_00079	Prbg.g_01502
OG0000821	Prba.g_00077	Prbg.g_01500
OG0000822	Prba.g_00076	Prbg.g_01499
OG0000823	Prba.g_00075	Prbg.g_01498
OG0000824	Prba.g_00074	Prbg.g_01497
OG0000825	Prba.g_00073	Prbg.g_01496
OG0000826	Prba.g_00072	Prbg.g_01495
OG0000827	Prba.g_00071	Prbg.g_01494
OG0000828	Prba.g_00070	Prbg.g_01493
OG0000829	Prba.g_00069	Prbg.g_01492
OG0000830	Prba.g_00068	Prbg.g_01490
OG0000831	Prba.g_00065	Prbg.g_01487
OG0000832	Prba.g_00063	Prbg.g_01485
OG0000833	Prba.g_00062	Prbg.g_01484
OG0000834	Prba.g_00060	Prbg.g_01483
OG0000835	Prba.g_00059	Prbg.g_01482
OG0000836	Prba.g_00058	Prbg.g_01481
OG0000837	Prba.g_00056	Prbg.g_01478
OG0000838	Prba.g_00055	Prbg.g_01477
OG0000839	Prba.g_00054	Prbg.g_01476
OG0000840	Prba.g_00053	Prbg.g_01475
OG0000841	Prba.g_00052	Prbg.g_01474
OG0000842	Prba.g_00051	Prbg.g_01472
OG0000843	Prba.g_00050	Prbg.g_01471
OG0000844	Prba.g_00049	Prbg.g_01470
OG0000845	Prba.g_00048	Prbg.g_01469
OG0000846	Prba.g_00045	Prbg.g_01467
OG0000847	Prba.g_00043	Prbg.g_01465
OG0000848	Prba.g_00042	Prbg.g_01464
OG0000849	Prba.g_00041	Prbg.g_01461
OG0000850	Prba.g_00040	Prbg.g_01460
OG0000851	Prba.g_00039	Prbg.g_01458
OG0000852	Prba.g_00037	Prbg.g_01456
OG0000853	Prba.g_00036	Prbg.g_01454
OG0000854	Prba.g_00034	Prbg.g_01452
OG0000855	Prba.g_00033	Prbg.g_01451
OG0000856	Prba.g_00032	Prbg.g_01450
OG0000857	Prba.g_00031	Prbg.g_01449
OG0000858	Prba.g_00030	Prbg.g_01448
OG0000859	Prba.g_00029	Prbg.g_01447
OG0000860	Prba.g_00028	Prbg.g_01446
OG0000861	Prba.g_00027	Prbg.g_01445
OG0000862	Prba.g_00026	Prbg.g_01444
OG0000863	Prba.g_00025	Prbg.g_01443
OG0000864	Prba.g_00024	Prbg.g_01442
OG0000865	Prba.g_00023	Prbg.g_01441
OG0000866	Prba.g_00022	Prbg.g_01440
OG0000867	Prba.g_00021	Prbg.g_01439
OG0000868	Prba.g_00020	Prbg.g_01438
OG0000869	Prba.g_00018	Prbg.g_01436
OG0000870	Prba.g_00017	Prbg.g_01435
OG0000871	Prba.g_00015	Prbg.g_01434
OG0000872	Prba.g_00014	Prbg.g_01433
OG0000873	Prba.g_00012	Prbg.g_01431
OG0000874	Prba.g_00011	Prbg.g_01430
OG0000875	Prba.g_00010	Prbg.g_01429
OG0000876	Prba.g_00009	Prbg.g_01428
OG0000877	Prba.g_00007	Prbg.g_00351
OG0000878	Prba.g_01167	Prbg.g_01576
OG0000879	Prba.g_01181	Prbg.g_00466
OG0000880	Prba.g_01182	Prbg.g_00467
OG0000881	Prba.g_01183	Prbg.g_00468
OG0000882	Prba.g_01184	Prbg.g_00469
OG0000883	Prba.g_01185	Prbg.g_00470
OG0000884	Prba.g_01187	Prbg.g_00472
OG0000885	Prba.g_01188	Prbg.g_00473
OG0000886	Prba.g_01189	Prbg.g_00474
OG0000887	Prba.g_01190	Prbg.g_00475
OG0000888	Prba.g_01191	Prbg.g_00476
OG0000889	Prba.g_01194	Prbg.g_00479
OG0000890	Prba.g_01195	Prbg.g_00480
OG0000891	Prba.g_01196	Prbg.g_00481
OG0000892	Prba.g_01198	Prbg.g_00484
OG0000893	Prba.g_01199	Prbg.g_00485
OG0000894	Prba.g_01200	Prbg.g_00486
OG0000895	Prba.g_01201	Prbg.g_00487
OG0000896	Prba.g_01202	Prbg.g_00488
OG0000897	Prba.g_01203	Prbg.g_00489
OG0000898	Prba.g_01205	Prbg.g_00492
OG0000899	Prba.g_01206	Prbg.g_00493
OG0000900	Prba.g_00214	Prbg.g_00505
OG0000901	Prba.g_00210	Prbg.g_00501
OG0000902	Prba.g_00209	Prbg.g_00218
OG0000903	Prba.g_00208	Prbg.g_01551
OG0000904	Prba.g_00206	Prbg.g_00690
OG0000905	Prba.g_00204	Prbg.g_01529
OG0000906	Prba.g_00202	Prbg.g_01511
OG0000907	Prba.g_00201	Prbg.g_01223
OG0000908	Prba.g_00198	Prbg.g_01548
OG0000909	Prba.g_00194	Prbg.g_00531
OG0000910	Prba.g_00193	Prbg.g_00532
OG0000911	Prba.g_00192	Prbg.g_00533
OG0000912	Prba.g_00191	Prbg.g_00534
OG0000913	Prba.g_00190	Prbg.g_00535
OG0000914	Prba.g_00189	Prbg.g_00536
OG0000915	Prba.g_00188	Prbg.g_00537
OG0000916	Prba.g_00187	Prbg.g_00538
OG0000917	Prba.g_00186	Prbg.g_00539
OG0000918	Prba.g_00185	Prbg.g_00540
OG0000919	Prba.g_00184	Prbg.g_00541
OG0000920	Prba.g_00183	Prbg.g_00542
OG0000921	Prba.g_00182	Prbg.g_00543
OG0000922	Prba.g_00181	Prbg.g_00544
OG0000923	Prba.g_00180	Prbg.g_00545
OG0000924	Prba.g_00179	Prbg.g_00546
OG0000925	Prba.g_00178	Prbg.g_00547
OG0000926	Prba.g_00154	Prbg.g_01829
OG0000927	Prba.g_00115	Prbg.g_00574
OG0000928	Prba.g_00114	Prbg.g_00575
OG0000929	Prba.g_00113	Prbg.g_00576
OG0000930	Prba.g_00112	Prbg.g_00577
OG0000931	Prba.g_00111	Prbg.g_00578
OG0000932	Prba.g_00109	Prbg.g_00580
OG0000933	Prba.g_00108	Prbg.g_00581
OG0000934	Prba.g_00107	Prbg.g_00582
OG0000935	Prba.g_00106	Prbg.g_00583
OG0000936	Prba.g_00105	Prbg.g_00584
OG0000937	Prba.g_00720	Prbg.g_00585
OG0000938	Prba.g_00719	Prbg.g_00586
OG0000939	Prba.g_00718	Prbg.g_00587
OG0000940	Prba.g_00717	Prbg.g_00588
OG0000941	Prba.g_00715	Prbg.g_00589
OG0000942	Prba.g_00714	Prbg.g_00590
OG0000943	Prba.g_00711	Prbg.g_00593
OG0000944	Prba.g_00710	Prbg.g_00594
OG0000945	Prba.g_00709	Prbg.g_00595
OG0000946	Prba.g_00708	Prbg.g_00596
OG0000947	Prba.g_00707	Prbg.g_00597
OG0000948	Prba.g_00706	Prbg.g_00598
OG0000949	Prba.g_00705	Prbg.g_00599
OG0000950	Prba.g_00704	Prbg.g_00600
OG0000951	Prba.g_00703	Prbg.g_00601
OG0000952	Prba.g_00702	Prbg.g_00602
OG0000953	Prba.g_00701	Prbg.g_00603
OG0000954	Prba.g_00700	Prbg.g_00604
OG0000955	Prba.g_00699	Prbg.g_00605
OG0000956	Prba.g_00698	Prbg.g_00606
OG0000957	Prba.g_00697	Prbg.g_00607
OG0000958	Prba.g_00696	Prbg.g_00608
OG0000959	Prba.g_00695	Prbg.g_00609
OG0000960	Prba.g_00694	Prbg.g_00610
OG0000961	Prba.g_00690	Prbg.g_00614
OG0000962	Prba.g_00689	Prbg.g_00615
OG0000963	Prba.g_00688	Prbg.g_00616
OG0000964	Prba.g_00686	Prbg.g_00618
OG0000965	Prba.g_00685	Prbg.g_00619
OG0000966	Prba.g_00684	Prbg.g_00620
OG0000967	Prba.g_00683	Prbg.g_00621
OG0000968	Prba.g_00682	Prbg.g_00622
OG0000969	Prba.g_00681	Prbg.g_00623
OG0000970	Prba.g_00680	Prbg.g_00624
OG0000971	Prba.g_00679	Prbg.g_00625
OG0000972	Prba.g_00678	Prbg.g_00626
OG0000973	Prba.g_00677	Prbg.g_00627
OG0000974	Prba.g_00350	Prbg.g_00629
OG0000975	Prba.g_00347	Prbg.g_00635
OG0000976	Prba.g_00345	Prbg.g_00637
OG0000977	Prba.g_00344	Prbg.g_00639
OG0000978	Prba.g_00343	Prbg.g_00641
OG0000979	Prba.g_00341	Prbg.g_00643
OG0000980	Prba.g_00340	Prbg.g_00644
OG0000981	Prba.g_00339	Prbg.g_00645
OG0000982	Prba.g_00338	Prbg.g_00646
OG0000983	Prba.g_00336	Prbg.g_00648
OG0000984	Prba.g_00335	Prbg.g_00649
OG0000985	Prba.g_00334	Prbg.g_00650
OG0000986	Prba.g_00333	Prbg.g_00651
OG0000987	Prba.g_00332	Prbg.g_00652
OG0000988	Prba.g_00331	Prbg.g_00653
OG0000989	Prba.g_00330	Prbg.g_00654
OG0000990	Prba.g_00329	Prbg.g_00655
OG0000991	Prba.g_00328	Prbg.g_00656
OG0000992	Prba.g_00327	Prbg.g_00657
OG0000993	Prba.g_00326	Prbg.g_00658
OG0000994	Prba.g_00325	Prbg.g_00659
OG0000995	Prba.g_00324	Prbg.g_00660
OG0000996	Prba.g_00323	Prbg.g_00661
OG0000997	Prba.g_00322	Prbg.g_00662
OG0000998	Prba.g_00321	Prbg.g_00663
OG0000999	Prba.g_00320	Prbg.g_00664
OG0001000	Prba.g_00319	Prbg.g_00665
OG0001001	Prba.g_00317	Prbg.g_00667
OG0001002	Prba.g_00316	Prbg.g_00668
OG0001003	Prba.g_00315	Prbg.g_00669
OG0001004	Prba.g_00314	Prbg.g_00670
OG0001005	Prba.g_00313	Prbg.g_00673
OG0001006	Prba.g_00312	Prbg.g_00674
OG0001007	Prba.g_00311	Prbg.g_00675
OG0001008	Prba.g_00309	Prbg.g_00677
OG0001009	Prba.g_00308	Prbg.g_00678
OG0001010	Prba.g_00300	Prbg.g_01593
OG0001011	Prba.g_00293	Prbg.g_00348
OG0001012	Prba.g_00266	Prbg.g_01174
OG0001013	Prba.g_00232	Prbg.g_01643
OG0001014	Prba.g_00231	Prbg.g_01644
OG0001015	Prba.g_00619	Prbg.g_01651
OG0001016	Prba.g_00618	Prbg.g_01652
OG0001017	Prba.g_00617	Prbg.g_01653
OG0001018	Prba.g_00616	Prbg.g_01654
OG0001019	Prba.g_00614	Prbg.g_01656
OG0001020	Prba.g_00613	Prbg.g_01657
OG0001021	Prba.g_00612	Prbg.g_01658
OG0001022	Prba.g_00611	Prbg.g_01659
OG0001023	Prba.g_00610	Prbg.g_01660
OG0001024	Prba.g_00609	Prbg.g_01662
OG0001025	Prba.g_00608	Prbg.g_01663
OG0001026	Prba.g_00606	Prbg.g_01664
OG0001027	Prba.g_00605	Prbg.g_01665
OG0001028	Prba.g_00604	Prbg.g_01666
OG0001029	Prba.g_00603	Prbg.g_01667
OG0001030	Prba.g_00602	Prbg.g_01668
OG0001031	Prba.g_00601	Prbg.g_01669
OG0001032	Prba.g_00600	Prbg.g_01670
OG0001033	Prba.g_00599	Prbg.g_01671
OG0001034	Prba.g_00598	Prbg.g_01672
OG0001035	Prba.g_00596	Prbg.g_01674
OG0001036	Prba.g_00595	Prbg.g_01675
OG0001037	Prba.g_00594	Prbg.g_01676
OG0001038	Prba.g_00593	Prbg.g_01677
OG0001039	Prba.g_00592	Prbg.g_01678
OG0001040	Prba.g_00591	Prbg.g_01679
OG0001041	Prba.g_00590	Prbg.g_01680
OG0001042	Prba.g_00589	Prbg.g_01681
OG0001043	Prba.g_00588	Prbg.g_01682
OG0001044	Prba.g_00587	Prbg.g_01683
OG0001045	Prba.g_00586	Prbg.g_01684
OG0001046	Prba.g_00585	Prbg.g_01685
OG0001047	Prba.g_00582	Prbg.g_01688
OG0001048	Prba.g_00580	Prbg.g_01690
OG0001049	Prba.g_00579	Prbg.g_01691
OG0001050	Prba.g_00578	Prbg.g_01692
OG0001051	Prba.g_00577	Prbg.g_01693
OG0001052	Prba.g_00576	Prbg.g_01694
OG0001053	Prba.g_00574	Prbg.g_01696
OG0001054	Prba.g_00573	Prbg.g_01698
OG0001055	Prba.g_00572	Prbg.g_01699
OG0001056	Prba.g_00571	Prbg.g_01700
OG0001057	Prba.g_00570	Prbg.g_01701
OG0001058	Prba.g_00569	Prbg.g_01702
OG0001059	Prba.g_00568	Prbg.g_01703
OG0001060	Prba.g_00567	Prbg.g_01704
OG0001061	Prba.g_00566	Prbg.g_01705
OG0001062	Prba.g_00565	Prbg.g_01706
OG0001063	Prba.g_00564	Prbg.g_01707
OG0001064	Prba.g_00352	Prbg.g_01709
OG0001065	Prba.g_00357	Prbg.g_01713
OG0001066	Prba.g_00358	Prbg.g_01715
OG0001067	Prba.g_00359	Prbg.g_01716
OG0001068	Prba.g_00361	Prbg.g_01719
OG0001069	Prba.g_00362	Prbg.g_01720
OG0001070	Prba.g_00363	Prbg.g_01721
OG0001071	Prba.g_00364	Prbg.g_01722
OG0001072	Prba.g_00365	Prbg.g_01723
OG0001073	Prba.g_00366	Prbg.g_01724
OG0001074	Prba.g_00367	Prbg.g_01725
OG0001075	Prba.g_00368	Prbg.g_01726
OG0001076	Prba.g_00369	Prbg.g_01727
OG0001077	Prba.g_00370	Prbg.g_01728
OG0001078	Prba.g_00371	Prbg.g_01729
OG0001079	Prba.g_00372	Prbg.g_01730
OG0001080	Prba.g_00373	Prbg.g_01731
OG0001081	Prba.g_00376	Prbg.g_01735
OG0001082	Prba.g_00377	Prbg.g_01736
OG0001083	Prba.g_00378	Prbg.g_01739
OG0001084	Prba.g_00380	Prbg.g_01738
OG0001085	Prba.g_00381	Prbg.g_01737
OG0001086	Prba.g_00382	Prbg.g_01734
OG0001087	Prba.g_00383	Prbg.g_01733
OG0001088	Prba.g_00384	Prbg.g_01732
OG0001089	Prba.g_00387	Prbg.g_01742
OG0001090	Prba.g_00389	Prbg.g_01744
OG0001091	Prba.g_00390	Prbg.g_01745
OG0001092	Prba.g_00391	Prbg.g_01746
OG0001093	Prba.g_00392	Prbg.g_01747
OG0001094	Prba.g_00393	Prbg.g_01748
OG0001095	Prba.g_00394	Prbg.g_01749
OG0001096	Prba.g_00395	Prbg.g_01750
OG0001097	Prba.g_00396	Prbg.g_01751
OG0001098	Prba.g_00397	Prbg.g_01752
OG0001099	Prba.g_00398	Prbg.g_01753
OG0001100	Prba.g_00399	Prbg.g_01754
OG0001101	Prba.g_00400	Prbg.g_01755
OG0001102	Prba.g_00401	Prbg.g_01756
OG0001103	Prba.g_00402	Prbg.g_01757
OG0001104	Prba.g_00403	Prbg.g_01758
OG0001105	Prba.g_00404	Prbg.g_01759
OG0001106	Prba.g_00405	Prbg.g_01760
OG0001107	Prba.g_00406	Prbg.g_01761
OG0001108	Prba.g_00407	Prbg.g_01762
OG0001109	Prba.g_00408	Prbg.g_01763
OG0001110	Prba.g_00409	Prbg.g_01764
OG0001111	Prba.g_00410	Prbg.g_01765
OG0001112	Prba.g_00411	Prbg.g_01766
OG0001113	Prba.g_00412	Prbg.g_01767
OG0001114	Prba.g_00413	Prbg.g_01768
OG0001115	Prba.g_00414	Prbg.g_01769
OG0001116	Prba.g_00415	Prbg.g_01770
OG0001117	Prba.g_00416	Prbg.g_01771
OG0001118	Prba.g_00417	Prbg.g_01772
OG0001119	Prba.g_00418	Prbg.g_01773
OG0001120	Prba.g_00419	Prbg.g_01774
OG0001121	Prba.g_00421	Prbg.g_01776
OG0001122	Prba.g_00422	Prbg.g_01777
OG0001123	Prba.g_00423	Prbg.g_01778
OG0001124	Prba.g_00425	Prbg.g_01780
OG0001125	Prba.g_00427	Prbg.g_01782
OG0001126	Prba.g_00428	Prbg.g_01783
OG0001127	Prba.g_00430	Prbg.g_01786
OG0001128	Prba.g_00431	Prbg.g_01787
OG0001129	Prba.g_00432	Prbg.g_01788
OG0001130	Prba.g_00435	Prbg.g_01791
OG0001131	Prba.g_00436	Prbg.g_01792
OG0001132	Prba.g_00437	Prbg.g_01793
OG0001133	Prba.g_00438	Prbg.g_01794
OG0001134	Prba.g_01048	Prbg.g_01795
OG0001135	Prba.g_01049	Prbg.g_01796
OG0001136	Prba.g_01050	Prbg.g_01797
OG0001137	Prba.g_01051	Prbg.g_01798
OG0001138	Prba.g_01052	Prbg.g_01799
OG0001139	Prba.g_01053	Prbg.g_01801
OG0001140	Prba.g_01054	Prbg.g_01802
OG0001141	Prba.g_01055	Prbg.g_01803
OG0001142	Prba.g_01059	Prbg.g_01807
OG0001143	Prba.g_01060	Prbg.g_01808
OG0001144	Prba.g_01061	Prbg.g_01809
OG0001145	Prba.g_01062	Prbg.g_01810
OG0001146	Prba.g_01063	Prbg.g_01811
OG0001147	Prba.g_01064	Prbg.g_01812
OG0001148	Prba.g_01065	Prbg.g_01813
OG0001149	Prba.g_01067	Prbg.g_01815
OG0001150	Prba.g_01068	Prbg.g_01816
OG0001151	Prba.g_01070	Prbg.g_01820
OG0001152	Prba.g_01071	Prbg.g_01821
OG0001153	Prba.g_01072	Prbg.g_01822
OG0001154	Prba.g_01074	Prbg.g_01824
OG0001155	Prba.g_01076	Prbg.g_01826
OG0001156	Prba.g_01078	Prbg.g_01828
OG0001157	Prba.g_01079	Prbg.g_01830
OG0001158	Prba.g_00753	Prbg.g_01832
OG0001159	Prba.g_00754	Prbg.g_01833
OG0001160	Prba.g_00755	Prbg.g_01834
OG0001161	Prba.g_00756	Prbg.g_01835
OG0001162	Prba.g_00757	Prbg.g_01836
OG0001163	Prba.g_00758	Prbg.g_01837
OG0001164	Prba.g_00759	Prbg.g_01838
OG0001165	Prba.g_00760	Prbg.g_01839
OG0001166	Prba.g_00761	Prbg.g_01840
OG0001167	Prba.g_00762	Prbg.g_01842
OG0001168	Prba.g_00763	Prbg.g_01843
OG0001169	Prba.g_00764	Prbg.g_01844
OG0001170	Prba.g_00766	Prbg.g_01845
OG0001171	Prba.g_00767	Prbg.g_01846
OG0001172	Prba.g_00769	Prbg.g_01848
OG0001173	Prba.g_00771	Prbg.g_01850
OG0001174	Prba.g_00772	Prbg.g_01851
OG0001175	Prba.g_00773	Prbg.g_01852
OG0001176	Prba.g_00774	Prbg.g_01854
OG0001177	Prba.g_00776	Prbg.g_01856
OG0001178	Prba.g_00779	Prbg.g_01859
OG0001179	Prba.g_00780	Prbg.g_01860
OG0001180	Prba.g_00781	Prbg.g_01861
OG0001181	Prba.g_00782	Prbg.g_01862
OG0001182	Prba.g_00783	Prbg.g_01863
OG0001183	Prba.g_00784	Prbg.g_01864
OG0001184	Prba.g_00786	Prbg.g_01866
OG0001185	Prba.g_00789	Prbg.g_01868
OG0001186	Prba.g_00790	Prbg.g_01869
OG0001187	Prba.g_00792	Prbg.g_01870
OG0001188	Prba.g_00793	Prbg.g_01871
OG0001189	Prba.g_00794	Prbg.g_01872
OG0001190	Prba.g_00795	Prbg.g_01873
OG0001191	Prba.g_00796	Prbg.g_01874
OG0001192	Prba.g_00797	Prbg.g_01875
OG0001193	Prba.g_00798	Prbg.g_01876
OG0001194	Prba.g_00799	Prbg.g_01877
OG0001195	Prba.g_00800	Prbg.g_01878
OG0001196	Prba.g_00801	Prbg.g_01879
OG0001197	Prba.g_00802	Prbg.g_01880
OG0001198	Prba.g_00803	Prbg.g_01881
OG0001199	Prba.g_00804	Prbg.g_01882
OG0001200	Prba.g_00805	Prbg.g_01883
OG0001201	Prba.g_00806	Prbg.g_01884
OG0001202	Prba.g_00807	Prbg.g_01885
OG0001203	Prba.g_00809	Prbg.g_01887
OG0001204	Prba.g_00811	Prbg.g_01889
OG0001205	Prba.g_00812	Prbg.g_01891
OG0001206	Prba.g_00813	Prbg.g_01892
OG0001207	Prba.g_00814	Prbg.g_01893
OG0001208	Prba.g_00815	Prbg.g_01894
OG0001209	Prba.g_00816	Prbg.g_01895
OG0001210	Prba.g_00817	Prbg.g_01896
OG0001211	Prba.g_00818	Prbg.g_01897
OG0001212	Prba.g_00819	Prbg.g_01898
OG0001213	Prba.g_00820	Prbg.g_01899
OG0001214	Prba.g_00822	Prbg.g_01901
OG0001215	Prba.g_00823	Prbg.g_01902
OG0001216	Prba.g_00824	Prbg.g_01903
OG0001217	Prba.g_00825	Prbg.g_01904
OG0001218	Prba.g_00826	Prbg.g_01905
OG0001219	Prba.g_00829	Prbg.g_01908
OG0001220	Prba.g_00830	Prbg.g_01909
OG0001221	Prba.g_00833	Prbg.g_01913
OG0001222	Prba.g_00834	Prbg.g_01914
OG0001223	Prba.g_00835	Prbg.g_01915
OG0001224	Prba.g_00836	Prbg.g_01917
OG0001225	Prba.g_00837	Prbg.g_01918
OG0001226	Prba.g_00838	Prbg.g_01919
OG0001227	Prba.g_00839	Prbg.g_01920
OG0001228	Prba.g_00840	Prbg.g_01921
OG0001229	Prba.g_00841	Prbg.g_01922
OG0001230	Prba.g_00842	Prbg.g_01923
OG0001231	Prba.g_00843	Prbg.g_01924
OG0001232	Prba.g_00844	Prbg.g_01927
OG0001233	Prba.g_00845	Prbg.g_01928
OG0001234	Prba.g_00846	Prbg.g_01929
OG0001235	Prba.g_00847	Prbg.g_01930
OG0001236	Prba.g_01777	Prbg.g_01932
OG0001237	Prba.g_01778	Prbg.g_01933
OG0001238	Prba.g_01780	Prbg.g_01936
OG0001239	Prba.g_01781	Prbg.g_01937
OG0001240	Prba.g_01782	Prbg.g_01938
OG0001241	Prba.g_01784	Prbg.g_00758
OG0001242	Prba.g_01785	Prbg.g_00759
OG0001243	Prba.g_01786	Prbg.g_00760
OG0001244	Prba.g_01787	Prbg.g_00761
OG0001245	Prba.g_01788	Prbg.g_00762
OG0001246	Prba.g_01789	Prbg.g_00763
OG0001247	Prba.g_01790	Prbg.g_00764
OG0001248	Prba.g_01791	Prbg.g_00765
OG0001249	Prba.g_01792	Prbg.g_00766
OG0001250	Prba.g_01793	Prbg.g_00767
OG0001251	Prba.g_01880	Prbg.g_00862
OG0001252	Prba.g_01926	Prbg.g_00912
OG0001253	Prba.g_01938	Prbg.g_00927
OG0001254	Prba.g_00498	Prbg.g_00060
OG0001255	Prba.g_00549	Prbg.g_00116
OG0001257	Prba.g_00979	Prbg.g_00201
OG0001258	Prba.g_00963	Prbg.g_00217
OG0001259	Prba.g_01727	Prbg.g_00309
OG0001260	Prba.g_01555	Prbg.g_01249
OG0001261	Prba.g_01464	Prbg.g_01195
OG0001262	Prba.g_01448	Prbg.g_01212
OG0001263	Prba.g_01427	Prbg.g_01507
OG0001264	Prba.g_01396	Prbg.g_01083
OG0001265	Prba.g_01288	Prbg.g_01330
OG0001266	Prba.g_01240	Prbg.g_00358
OG0001267	Prba.g_00080	Prbg.g_01504
OG0001268	Prba.g_00067	Prbg.g_01489
OG0001269	Prba.g_00213	Prbg.g_00504
OG0001270	Prba.g_00348	Prbg.g_00634
OG0001271	Prba.g_00337	Prbg.g_00647
OG0001272	Prba.g_00295	Prbg.g_00367
OG0001273	Prba.g_00294	Prbg.g_00708
OG0001274	Prba.g_00289	Prbg.g_00726
OG0001275	Prba.g_00272	Prbg.g_01561
OG0001276	Prba.g_00262	Prbg.g_01351
OG0001277	Prba.g_00251	Prbg.g_01609
OG0001278	Prba.g_00234	Prbg.g_01641
OG0001279	Prba.g_00230	Prbg.g_01645
OG0001280	Prba.g_00227	Prbg.g_01648
OG0001281	Prba.g_00360	Prbg.g_01718
OG0001282	Prba.g_00385	Prbg.g_01655
OG0001283	Prba.g_01077	Prbg.g_01827
OG0001284	Prba.g_00778	Prbg.g_01858
OG0001285	Prba.g_00810	Prbg.g_01888
OG0001286	Prba.g_01783	Prbg.g_01940
OG0001288	Prba.g_01024	Prbg.g_00157
OG0001290	Prba.g_01823	Prbg.g_00843
OG0001291	Prba.g_01859	Prbg.g_00798
OG0001292	Prba.g_01862	Prbg.g_00795
OG0001293	Prba.g_01864	Prbg.g_00793
OG0001294	Prba.g_01881	Prbg.g_00863
OG0001295	Prba.g_01907	Prbg.g_00893
OG0001296	Prba.g_01913	Prbg.g_00900
OG0001297	Prba.g_00655	Prbg.g_00978
OG0001298	Prba.g_00462	Prbg.g_01026
OG0001299	Prba.g_00471	Prbg.g_01035
OG0001300	Prba.g_00867	Prbg.g_00457
OG0001301	Prba.g_01680	Prbg.g_01420
OG0001302	Prba.g_01551	Prbg.g_00734, Prbg.g_01581
OG0001303	Prba.g_01547	Prbg.g_01549
OG0001304	Prba.g_01273	Prbg.g_01243
OG0001305	Prba.g_01268	Prbg.g_01238
OG0001306	Prba.g_01232	Prbg.g_01926
OG0001307	Prba.g_01223	Prbg.g_00458
OG0001308	Prba.g_00737	Prbg.g_00698
OG0001309	Prba.g_00735	Prbg.g_01890
OG0001310	Prba.g_00724	Prbg.g_00007
OG0001311	Prba.g_00035	Prbg.g_01453
OG0001312	Prba.g_00212	Prbg.g_00503
OG0001313	Prba.g_00291	Prbg.g_00142
OG0001314	Prba.g_00597	Prbg.g_01673
OG0001315	Prba.g_00563	Prbg.g_01708
OG0001316	Prba.g_01073	Prbg.g_01823
OG0001318	Prba.g_01929	Prbg.g_00915
OG0001319	Prba.g_00457	Prbg.g_01020
OG0001320	Prba.g_00994	Prbg.g_00714
OG0001321	Prba.g_01545	Prbg.g_00357
OG0001322	Prba.g_01518	Prbg.g_01535
OG0001323	Prba.g_01248	Prbg.g_01072
OG0001324	Prba.g_01215	Prbg.g_00442
OG0001325	Prba.g_00731	Prbg.g_00404
OG0001326	Prba.g_01164	Prbg.g_00722
OG0001327	Prba.g_01166	Prbg.g_00697
OG0001328	Prba.g_01197	Prbg.g_00482
OG0001329	Prba.g_00176	Prbg.g_01935
OG0001330	Prba.g_00298	Prbg.g_00680
OG0001331	Prba.g_00229	Prbg.g_01646
OG0001333	Prba.g_00433	Prbg.g_01789
OG0001334	Prba.g_00770	Prbg.g_01849
OG0001335	Prba.g_00808	Prbg.g_01886
OG0001336	Prba.g_01916	Prbg.g_00902
OG0001337	Prba.g_01906	Prbg.g_00892
OG0001338	Prba.g_01932	Prbg.g_00496
OG0001339	Prba.g_00659	Prbg.g_00982
OG0001340	Prba.g_00467	Prbg.g_01031
OG0001341	Prba.g_00479	Prbg.g_01044
OG0001342	Prba.g_00497	Prbg.g_00059
OG0001343	Prba.g_00555	Prbg.g_00122
OG0001345	Prba.g_01027	Prbg.g_00154
OG0001346	Prba.g_00989	Prbg.g_00191
OG0001347	Prba.g_00975	Prbg.g_00205
OG0001349	Prba.g_00952	Prbg.g_00228
OG0001350	Prba.g_00947	Prbg.g_00233
OG0001351	Prba.g_01739	Prbg.g_00295
OG0001352	Prba.g_01635	Prbg.g_01123
OG0001353	Prba.g_01614	Prbg.g_01006
OG0001355	Prba.g_01458	Prbg.g_01202
OG0001356	Prba.g_01413	Prbg.g_01060
OG0001357	Prba.g_01309	Prbg.g_01315
OG0001358	Prba.g_01289	Prbg.g_01329
OG0001359	Prba.g_00093	Prbg.g_00754
OG0001360	Prba.g_00092	Prbg.g_00755
OG0001361	Prba.g_00013	Prbg.g_01432
OG0001362	Prba.g_01136	Prbg.g_00407
OG0001363	Prba.g_00152	Prbg.g_00809
OG0001364	Prba.g_00318	Prbg.g_00666
OG0001365	Prba.g_00355	Prbg.g_00813
OG0001366	Prba.g_00583	Prbg.g_01687
OG0001368	Prba.g_00777	Prbg.g_01857
OG0001369	Prba.g_01287	Prbg.g_01331
OG0001371	Prba.g_01855	Prbg.g_00803
OG0001372	Prba.g_01856	Prbg.g_00801
OG0001373	Prba.g_01863	Prbg.g_00794
OG0001374	Prba.g_01875	Prbg.g_00783
OG0001375	Prba.g_01923	Prbg.g_00910
OG0001376	Prba.g_00453	Prbg.g_01016
OG0001377	Prba.g_00475	Prbg.g_01040
OG0001378	Prba.g_00490	Prbg.g_00052
OG0001379	Prba.g_00855	Prbg.g_00632
OG0001381	Prba.g_01007	Prbg.g_00177
OG0001382	Prba.g_01001	Prbg.g_00183
OG0001383	Prba.g_00950	Prbg.g_00230
OG0001384	Prba.g_00942	Prbg.g_00238
OG0001385	Prba.g_01651	Prbg.g_01389
OG0001386	Prba.g_01643	Prbg.g_01115
OG0001387	Prba.g_01641	Prbg.g_01117
OG0001388	Prba.g_01631	Prbg.g_01128
OG0001389	Prba.g_01589	Prbg.g_01372
OG0001390	Prba.g_01556	Prbg.g_01541
OG0001391	Prba.g_01513	Prbg.g_01253
OG0001392	Prba.g_01414	Prbg.g_01059
OG0001393	Prba.g_01412	Prbg.g_01061
OG0001394	Prba.g_01390	Prbg.g_01089
OG0001395	Prba.g_01387	Prbg.g_01092
OG0001396	Prba.g_01305	Prbg.g_01612
OG0001397	Prba.g_01279	Prbg.g_01342
OG0001398	Prba.g_01260	Prbg.g_01230
OG0001399	Prba.g_01250	Prbg.g_01051
OG0001400	Prba.g_01242	Prbg.g_01558
OG0001401	Prba.g_01235	Prbg.g_00002
OG0001402	Prba.g_00078	Prbg.g_01501
OG0001403	Prba.g_01193	Prbg.g_00478
OG0001404	Prba.g_00205	Prbg.g_01345
OG0001405	Prba.g_00195	Prbg.g_00530
OG0001406	Prba.g_00349	Prbg.g_00633
OG0001407	Prba.g_00346	Prbg.g_00636
OG0001408	Prba.g_00297	Prbg.g_00681
OG0001409	Prba.g_00283	Prbg.g_01571
OG0001412	Prba.g_01356	Prbg.g_01267
OG0001414	Prba.g_01850	Prbg.g_01539
OG0001417	Prba.g_01642	Prbg.g_01116
OG0001418	Prba.g_01544	Prbg.g_00395
OG0001419	Prba.g_01509	Prbg.g_01259
OG0001420	Prba.g_01410	Prbg.g_01063
OG0001421	Prba.g_01406	Prbg.g_01068
OG0001422	Prba.g_01245	Prbg.g_00412
OG0001423	Prba.g_00091	Prbg.g_00416
OG0001424	Prba.g_01082	Prbg.g_00684
OG0001425	Prba.g_00277	Prbg.g_01554
OG0001427	Prba.g_00866	Prbg.g_01586
OG0001429	Prba.g_01327	Prbg.g_01297
OG0001430	Prba.g_01296	Prbg.g_00012
OG0001431	Prba.g_01244	Prbg.g_00004
OG0001432	Prba.g_01241	Prbg.g_01557
OG0001435	Prba.g_00285	Prbg.g_01522
OG0001436	Prba.g_01535	Prbg.g_01638
OG0001439	Prba.g_01467	Prbg.g_01192
OG0001440	Prba.g_01285	Prbg.g_01334
OG0001443	Prba.g_00081	Prbg.g_01505
OG0001444	Prba.g_00044	Prbg.g_01466
OG0001445	Prba.g_01124	Prbg.g_00742
OG0001446	Prba.g_01126	Prbg.g_00743
OG0001447	Prba.g_01127	Prbg.g_01512
OG0001448	Prba.g_00265	Prbg.g_00737
OG0001449	Prba.g_00116	Prbg.g_00553
OG0001452	Prba.g_00828	Prbg.g_01907
OG0001454	Prba.g_00860	Prbg.g_00175
OG0001455	Prba.g_00921, Prba.g_01046	Prbg.g_00425
OG0001457	Prba.g_01615	Prbg.g_01148
OG0001458	Prba.g_01557	Prbg.g_00421
OG0001459	Prba.g_01520	Prbg.g_00524
OG0001460	Prba.g_01436	Prbg.g_00362
OG0001461	Prba.g_01364	Prbg.g_01379
OG0001462	Prba.g_01297	Prbg.g_01526
OG0001463	Prba.g_01251	Prbg.g_00181
OG0001465	Prba.g_01161	Prbg.g_01550
OG0001468	Prba.g_01066	Prbg.g_01814
OG0001469	Prba.g_00066	Prbg.g_01488
OG0001471	Prba.g_01042	Prbg.g_00432
OG0001473	Prba.g_01428	Prbg.g_01252
OG0001482	Prba.g_00241	Prbg.g_00748
OG0001483	Prba.g_01186	Prbg.g_00471
OG0001484	Prba.g_00151	Prbg.g_00808
OG0001485	Prba.g_00353	Prbg.g_01710
OG0001486	Prba.g_01376	Prbg.g_01104
OG0001487	Prba.g_01540	Prbg.g_00344
OG0001488	Prba.g_00628	Prbg.g_00950
OG0001489	Prba.g_00869	Prbg.g_01740
OG0001490	Prba.g_00897	Prbg.g_01712
OG0001492	Prba.g_01466	Prbg.g_01193
OG0001506	Prba.g_01228	Prbg.g_01533
OG0001508	Prba.g_00286	Prbg.g_01615
OG0001509	Prba.g_00375	Prbg.g_00375
OG0001519	Prba.g_00883	Prbg.g_00728
OG0001520	Prba.g_01536	Prbg.g_01637
OG0001521	Prba.g_00356	Prbg.g_00812
OG0001530	Prba.g_01537	Prbg.g_01636
OG0001535	Prba.g_01440	Prbg.g_01224
OG0001541	Prba.g_00163	Prbg.g_00039
OG0001579	Prba.g_00117	Prbg.g_00567
OG0001580	Prba.g_00141, Prba.g_00142	Prbg.g_00555
OG0001581	Prba.g_00138	Prbg.g_00558
OG0001617	Prba.g_01207	Prbg.g_00573
OG0001618	Prba.g_01209	Prbg.g_00453
OG0001627	Prba.g_01210	Prbg.g_01563
OG0001631	Prba.g_00005	Prbg.g_00353
OG0001637	Prba.g_01562	Prbg.g_00439
OG0001843	Prba.g_00166	Prbg.g_00038
OG0001844	Prba.g_00140	Prbg.g_00559
OG0001869	Prba.g_00147	Prbg.g_00512
OG0001881	Prba.g_01091	Prbg.g_01622
OG0001981	Prba.g_00119	Prbg.g_00570
