11
Prbb       0.0000000 0.9483232 0.8608031 0.8808882 0.8808882 0.8933715 0.0000010 0.8602417 0.9003112 1.2184581 0.3684346 
Prah       0.9483232 0.0000000 1.3609926 1.3783730 1.3783730 1.4721665 0.9483232 1.3756286 0.0631822 0.6346615 0.9540320 
Prau       0.8608031 1.3609926 0.0000000 0.0114469 0.0114469 0.1581002 0.8608031 0.1435150 1.3072191 1.4052950 0.6222329 
Prae       0.8808882 1.3783730 0.0114469 0.0000000 0.0000010 0.1438805 0.8808882 0.1295730 1.3240199 1.4235892 0.6378131 
Praa       0.8808882 1.3783730 0.0114469 0.0000010 0.0000000 0.1438805 0.8808882 0.1295730 1.3240199 1.4235892 0.6378131 
Prai       0.8933715 1.4721665 0.1581002 0.1438805 0.1438805 0.0000000 0.8933715 0.0597456 1.4766737 1.4742880 0.6602718 
Praj       0.0000010 0.9483232 0.8608031 0.8808882 0.8808882 0.8933715 0.0000000 0.8602417 0.9003112 1.2184581 0.3684346 
Prab       0.8602417 1.3756286 0.1435150 0.1295730 0.1295730 0.0597456 0.8602417 0.0000000 1.3796709 1.4191978 0.7147994 
Praf       0.9003112 0.0631822 1.3072191 1.3240199 1.3240199 1.4766737 0.9003112 1.3796709 0.0000000 0.6326800 1.0280905 
Prat       1.2184581 0.6346615 1.4052950 1.4235892 1.4235892 1.4742880 1.2184581 1.4191978 0.6326800 0.0000000 1.1063425 
Prak       0.3684346 0.9540320 0.6222329 0.6378131 0.6378131 0.6602718 0.3684346 0.7147994 1.0280905 1.1063425 0.0000000 
