10
Prau       0.0000000 1.4964089 0.1113118 0.0331721 0.0000010 0.0716689 0.0725850 0.0725850 1.4964089 0.0331721 
Praj       1.4964089 0.0000000 1.1722289 1.4487834 1.4964089 1.2778697 1.2842509 1.2842509 0.0358282 1.4487834 
Praf       0.1113118 1.1722289 0.0000000 0.1031895 0.1113118 0.0672705 0.0335364 0.0335364 1.1722289 0.1031895 
Prab       0.0331721 1.4487834 0.1031895 0.0000000 0.0331721 0.0664555 0.0672437 0.0672437 1.4487834 0.0000010 
Praa       0.0000010 1.4964089 0.1113118 0.0331721 0.0000000 0.0716689 0.0725850 0.0725850 1.4964089 0.0331721 
Prah       0.0716689 1.2778697 0.0672705 0.0664555 0.0716689 0.0000000 0.0328934 0.0328934 1.2778697 0.0664555 
Prat       0.0725850 1.2842509 0.0335364 0.0672437 0.0725850 0.0328934 0.0000000 0.0000010 1.2842509 0.0672437 
Prak       0.0725850 1.2842509 0.0335364 0.0672437 0.0725850 0.0328934 0.0000010 0.0000000 1.2842509 0.0672437 
Prbb       1.4964089 0.0358282 1.1722289 1.4487834 1.4964089 1.2778697 1.2842509 1.2842509 0.0000000 1.4487834 
Prai       0.0331721 1.4487834 0.1031895 0.0000010 0.0331721 0.0664555 0.0672437 0.0672437 1.4487834 0.0000000 
