12
Prat       0.0000000 0.3288916 0.4136923 0.4274599 0.2337140 0.4034667 0.5195143 0.4264263 0.4282099 0.4135475 0.3265131 0.4983017 
Praj       0.3288916 0.0000000 0.4891908 0.5024922 0.4022139 0.4864789 0.5206237 0.4746996 0.5189122 0.4961542 0.0411043 0.5295735 
Praa       0.4136923 0.4891908 0.0000000 0.0100192 0.6075177 0.6100431 0.1619599 0.0303124 0.0510252 0.6192036 0.4786896 0.1531131 
Prae       0.4274599 0.5024922 0.0100192 0.0000000 0.6222235 0.6231370 0.1734991 0.0406039 0.0406332 0.6321122 0.4916614 0.1646912 
Prak       0.2337140 0.4022139 0.6075177 0.6222235 0.0000000 0.4788054 0.6556575 0.6089826 0.5741584 0.4786840 0.4068348 0.6354567 
Praf       0.4034667 0.4864789 0.6100431 0.6231370 0.4788054 0.0000000 0.6014219 0.6215798 0.6200388 0.0201300 0.4609660 0.5899444 
Prai       0.5195143 0.5206237 0.1619599 0.1734991 0.6556575 0.6014219 0.0000000 0.1731702 0.1859104 0.6105578 0.5162916 0.1157017 
Prau       0.4264263 0.4746996 0.0303124 0.0406039 0.6089826 0.6215798 0.1731702 0.0000000 0.0717115 0.6305476 0.4645873 0.1643785 
Prag       0.4282099 0.5189122 0.0510252 0.0406332 0.5741584 0.6200388 0.1859104 0.0717115 0.0000000 0.6292865 0.5075803 0.1546467 
Prah       0.4135475 0.4961542 0.6192036 0.6321122 0.4786840 0.0201300 0.6105578 0.6305476 0.6292865 0.0000000 0.4705169 0.5997632 
Prbb       0.3265131 0.0411043 0.4786896 0.4916614 0.4068348 0.4609660 0.5162916 0.4645873 0.5075803 0.4705169 0.0000000 0.5177812 
Prab       0.4983017 0.5295735 0.1531131 0.1646912 0.6354567 0.5899444 0.1157017 0.1643785 0.1546467 0.5997632 0.5177812 0.0000000 
