12
Prak       0.0000000 0.3898591 0.6690404 0.5086245 0.5140330 0.6010048 0.3221406 0.6126406 0.6032442 0.6687767 0.3871753 0.5960498 
Praj       0.3898591 0.0000000 0.6381006 0.5270329 0.5248130 0.6208393 0.3425155 0.6211458 0.6257695 0.6440583 0.0024848 0.6185434 
Prab       0.6690404 0.6381006 0.0000000 0.6895973 0.6955095 0.0664143 0.5956622 0.0737473 0.0595325 0.0709787 0.6253435 0.0596004 
Prah       0.5086245 0.5270329 0.6895973 0.0000000 0.0051293 0.6239104 0.4420920 0.6137340 0.6199702 0.6411253 0.5205744 0.6128703 
Praf       0.5140330 0.5248130 0.6955095 0.0051293 0.0000000 0.6296604 0.4473152 0.6194729 0.6256934 0.6469383 0.5183785 0.6185870 
Prae       0.6010048 0.6208393 0.0664143 0.6239104 0.6296604 0.0000000 0.6250047 0.0175499 0.0073063 0.0322070 0.6081361 0.0048340 
Prat       0.3221406 0.3425155 0.5956622 0.4420920 0.4473152 0.6250047 0.0000000 0.6368867 0.6361079 0.6483576 0.3420280 0.6288155 
Prau       0.6126406 0.6211458 0.0737473 0.6137340 0.6194729 0.0175499 0.6368867 0.0000000 0.0203392 0.0442802 0.6084096 0.0176611 
Praa       0.6032442 0.6257695 0.0595325 0.6199702 0.6256934 0.0073063 0.6361079 0.0203392 0.0000000 0.0321119 0.6130773 0.0023976 
Prai       0.6687767 0.6440583 0.0709787 0.6411253 0.6469383 0.0322070 0.6483576 0.0442802 0.0321119 0.0000000 0.6311014 0.0292055 
Prbb       0.3871753 0.0024848 0.6253435 0.5205744 0.5183785 0.6081361 0.3420280 0.6084096 0.6130773 0.6311014 0.0000000 0.6059061 
Prag       0.5960498 0.6185434 0.0596004 0.6128703 0.6185870 0.0048340 0.6288155 0.0176611 0.0023976 0.0292055 0.6059061 0.0000000 
