12
Prai       0.0000000 0.9285233 1.0479981 1.0138977 1.0011819 0.2565776 0.2672226 1.0400737 0.1389088 0.2526078 0.9418787 0.2497997 
Prak       0.9285233 0.0000000 0.7868057 0.8689158 0.8648804 0.9698595 0.9866147 0.7808413 0.9278573 1.0010836 0.6646941 0.9871820 
Prah       1.0479981 0.7868057 0.0000000 0.8932956 0.8877965 1.0998073 1.0887441 0.0208382 1.0322438 1.1221337 0.6583844 1.0818356 
Prbb       1.0138977 0.8689158 0.8932956 0.0000000 0.0199478 1.0367546 1.0637547 0.8952075 1.0887957 1.0559915 0.8576271 1.0181645 
Praj       1.0011819 0.8648804 0.8877965 0.0199478 0.0000000 1.0294556 1.0605295 0.8897300 1.0917909 1.0479862 0.8571969 1.0112779 
Praa       0.2565776 0.9698595 1.0998073 1.0367546 1.0294556 0.0000000 0.0710525 1.0905366 0.2974255 0.0688318 0.9574642 0.0801357 
Prag       0.2672226 0.9866147 1.0887441 1.0637547 1.0605295 0.0710525 0.0000000 1.0849479 0.3029026 0.0890759 0.9423901 0.0687636 
Praf       1.0400737 0.7808413 0.0208382 0.8952075 0.8897300 1.0905366 1.0849479 0.0000000 1.0308670 1.1144407 0.6512590 1.0714784 
Prab       0.1389088 0.9278573 1.0322438 1.0887957 1.0917909 0.2974255 0.3029026 1.0308670 0.0000000 0.2856501 0.9574970 0.2873974 
Prae       0.2526078 1.0010836 1.1221337 1.0559915 1.0479862 0.0688318 0.0890759 1.1144407 0.2856501 0.0000000 0.9898295 0.0814737 
Prat       0.9418787 0.6646941 0.6583844 0.8576271 0.8571969 0.9574642 0.9423901 0.6512590 0.9574970 0.9898295 0.0000000 0.9358053 
Prau       0.2497997 0.9871820 1.0818356 1.0181645 1.0112779 0.0801357 0.0687636 1.0714784 0.2873974 0.0814737 0.9358053 0.0000000 
