12
Prbb       0.0000000 0.1762046 0.1591990 0.1478669 0.1471232 0.0849181 0.0995245 0.1661461 0.1700460 0.1655079 0.0000010 0.1660880 
Prah       0.1762046 0.0000000 0.2320528 0.2189435 0.2065788 0.1483322 0.1665462 0.2277700 0.2274524 0.0298001 0.1762046 0.2227977 
Prag       0.1591990 0.2320528 0.0000000 0.0199626 0.0245127 0.1292323 0.1328868 0.0074059 0.0093261 0.2018497 0.1591990 0.0073954 
Prab       0.1478669 0.2189435 0.0199626 0.0000000 0.0074856 0.1244296 0.1234320 0.0198660 0.0219881 0.1899840 0.1478669 0.0198410 
Prai       0.1471232 0.2065788 0.0245127 0.0074856 0.0000000 0.1089927 0.1189684 0.0243951 0.0222309 0.1788201 0.1471232 0.0200674 
Prat       0.0849181 0.1483322 0.1292323 0.1244296 0.1089927 0.0000000 0.0614194 0.1258785 0.1254080 0.1424316 0.0849181 0.1219232 
Prak       0.0995245 0.1665462 0.1328868 0.1234320 0.1189684 0.0614194 0.0000000 0.1339377 0.1375173 0.1574643 0.0995245 0.1338997 
Prae       0.1661461 0.2277700 0.0074059 0.0198660 0.0243951 0.1258785 0.1339377 0.0000000 0.0054646 0.2017721 0.1661461 0.0036095 
Praa       0.1700460 0.2274524 0.0093261 0.0219881 0.0222309 0.1254080 0.1375173 0.0054646 0.0000000 0.1975124 0.1700460 0.0017898 
Praf       0.1655079 0.0298001 0.2018497 0.1899840 0.1788201 0.1424316 0.1574643 0.2017721 0.1975124 0.0000000 0.1655079 0.1932246 
Praj       0.0000010 0.1762046 0.1591990 0.1478669 0.1471232 0.0849181 0.0995245 0.1661461 0.1700460 0.1655079 0.0000000 0.1660880 
Prau       0.1660880 0.2227977 0.0073954 0.0198410 0.0200674 0.1219232 0.1338997 0.0036095 0.0017898 0.1932246 0.1660880 0.0000000 
