12
Prai       0.0000000 0.1675405 0.8887537 0.6524337 0.7194831 0.6663334 0.6652759 0.8927782 0.6561365 0.1519557 0.1361777 0.1496503 
Praa       0.1675405 0.0000000 0.9452010 0.6718768 0.6993430 0.6241376 0.6682378 0.9631970 0.6143896 0.0935022 0.0606300 0.0994048 
Prah       0.8887537 0.9452010 0.0000000 0.7128131 0.6320230 0.6676641 1.1240800 0.0162078 0.6828415 0.9443118 0.7851926 0.9205495 
Prat       0.6524337 0.6718768 0.7128131 0.0000000 0.4982872 0.4946579 1.0215931 0.7121645 0.4865056 0.6778012 0.5837420 0.6657381 
Prak       0.7194831 0.6993430 0.6320230 0.4982872 0.0000000 0.5412820 1.1596865 0.6304119 0.5305774 0.7011630 0.5946734 0.7015093 
Prbb       0.6663334 0.6241376 0.6676641 0.4946579 0.5412820 0.0000000 1.0119732 0.6765930 0.0181299 0.6751239 0.5657661 0.6773383 
Prab       0.6652759 0.6682378 1.1240800 1.0215931 1.1596865 1.0119732 0.0000000 1.1529455 1.0149990 0.6789647 0.6874597 0.6838993 
Praf       0.8927782 0.9631970 0.0162078 0.7121645 0.6304119 0.6765930 1.1529455 0.0000000 0.6920094 0.9604304 0.8067673 0.9198612 
Praj       0.6561365 0.6143896 0.6828415 0.4865056 0.5305774 0.0181299 1.0149990 0.6920094 0.0000000 0.6648549 0.5577145 0.6620014 
Prae       0.1519557 0.0935022 0.9443118 0.6778012 0.7011630 0.6751239 0.6789647 0.9604304 0.6648549 0.0000000 0.0743952 0.1432096 
Prau       0.1361777 0.0606300 0.7851926 0.5837420 0.5946734 0.5657661 0.6874597 0.8067673 0.5577145 0.0743952 0.0000000 0.1095549 
Prag       0.1496503 0.0994048 0.9205495 0.6657381 0.7015093 0.6773383 0.6838993 0.9198612 0.6620014 0.1432096 0.1095549 0.0000000 
