12
Prat       0.0000000 0.8599171 1.9576541 1.8429952 1.8920701 1.8305675 1.3115452 1.8513647 1.9459355 1.2736751 0.8158873 0.9244320 
Praf       0.8599171 0.0000000 2.2229725 2.1586336 2.2041669 2.1267202 1.2630821 2.1529322 2.1561444 1.2416478 0.0358625 1.1205152 
Praa       1.9576541 2.2229725 0.0000000 0.0939231 0.5924171 0.6564733 2.1506213 0.2149887 0.1380409 2.0909703 2.2424635 2.0897597 
Prag       1.8429952 2.1586336 0.0939231 0.0000000 0.5554308 0.6202775 2.1010967 0.1569127 0.0805527 2.0758477 2.1535186 2.0307031 
Prab       1.8920701 2.2041669 0.5924171 0.5554308 0.0000000 0.2159191 2.2873226 0.5498982 0.6336743 2.2627341 2.1917769 1.9951486 
Prai       1.8305675 2.1267202 0.6564733 0.6202775 0.2159191 0.0000000 2.1407182 0.6754001 0.6885692 2.1361437 2.1224589 1.9331310 
Prbb       1.3115452 1.2630821 2.1506213 2.1010967 2.2873226 2.1407182 0.0000000 2.1026848 2.1225354 0.0210919 1.2466591 1.4920915 
Prau       1.8513647 2.1529322 0.2149887 0.1569127 0.5498982 0.6754001 2.1026848 0.0000000 0.1972403 2.0832734 2.0902076 2.0748152 
Prae       1.9459355 2.1561444 0.1380409 0.0805527 0.6336743 0.6885692 2.1225354 0.1972403 0.0000000 2.0971115 2.1324983 2.0274550 
Praj       1.2736751 1.2416478 2.0909703 2.0758477 2.2627341 2.1361437 0.0210919 2.0832734 2.0971115 0.0000000 1.2203455 1.4143631 
Prah       0.8158873 0.0358625 2.2424635 2.1535186 2.1917769 2.1224589 1.2466591 2.0902076 2.1324983 1.2203455 0.0000000 1.0481869 
Prak       0.9244320 1.1205152 2.0897597 2.0307031 1.9951486 1.9331310 1.4920915 2.0748152 2.0274550 1.4143631 1.0481869 0.0000000 
