12
Prat       0.0000000 1.4909784 1.7854468 1.1550278 1.1775697 1.7023982 1.0313388 1.8012986 1.7733103 1.7783596 1.4909784 1.7318524 
Praj       1.4909784 0.0000000 1.7260087 1.3175167 1.3237435 1.7838455 1.1297343 1.7097056 1.8782270 1.7816866 0.0000010 1.7269144 
Prab       1.7854468 1.7260087 0.0000000 1.7209412 1.7250177 0.3734074 1.7676819 0.3650888 0.1375965 0.3718804 1.7260087 0.4021576 
Prah       1.1550278 1.3175167 1.7209412 0.0000000 0.0254450 1.8434390 1.1436829 1.8799308 1.9008710 1.8783105 1.3175167 1.8654176 
Praf       1.1775697 1.3237435 1.7250177 0.0254450 0.0000000 1.8474453 1.1874647 1.8838632 1.9047440 1.8822582 1.3237435 1.8761971 
Prae       1.7023982 1.7838455 0.3734074 1.8434390 1.8474453 0.0000000 1.9002404 0.1846772 0.3794289 0.0815071 1.7838455 0.0930019 
Prak       1.0313388 1.1297343 1.7676819 1.1436829 1.1874647 1.9002404 0.0000000 1.7983633 1.7996018 1.8459341 1.1297343 1.8205414 
Prag       1.8012986 1.7097056 0.3650888 1.8799308 1.8838632 0.1846772 1.7983633 0.0000000 0.3890285 0.1645018 1.7097056 0.1838887 
Prai       1.7733103 1.8782270 0.1375965 1.9008710 1.9047440 0.3794289 1.7996018 0.3890285 0.0000000 0.3800670 1.8782270 0.4015214 
Prau       1.7783596 1.7816866 0.3718804 1.8783105 1.8822582 0.0815071 1.8459341 0.1645018 0.3800670 0.0000000 1.7816866 0.0997245 
Prbb       1.4909784 0.0000010 1.7260087 1.3175167 1.3237435 1.7838455 1.1297343 1.7097056 1.8782270 1.7816866 0.0000000 1.7269144 
Praa       1.7318524 1.7269144 0.4021576 1.8654176 1.8761971 0.0930019 1.8205414 0.1838887 0.4015214 0.0997245 1.7269144 0.0000000 
