12
Praf       0.0000000 0.5072492 0.7909691 0.8023572 0.8216595 0.8021791 0.4715229 0.7952451 0.7951021 0.5061620 0.4349022 0.0164252 
Prak       0.5072492 0.0000000 0.7080072 0.7219798 0.7673866 0.6793511 0.4167898 0.6818550 0.6928779 0.4283100 0.3119177 0.4674758 
Praa       0.7909691 0.7080072 0.0000000 0.1579759 0.0640267 0.0371054 0.6288854 0.1747629 0.0300378 0.6629407 0.6513518 0.7114097 
Prab       0.8023572 0.7219798 0.1579759 0.0000000 0.1842907 0.1593037 0.6280480 0.0895141 0.1691992 0.6614877 0.6685305 0.7062642 
Prag       0.8216595 0.7673866 0.0640267 0.1842907 0.0000000 0.0797336 0.6813546 0.2187262 0.0728981 0.7123602 0.6702515 0.7299027 
Prau       0.8021791 0.6793511 0.0371054 0.1593037 0.0797336 0.0000000 0.6510314 0.1696217 0.0267696 0.6854631 0.6390837 0.7287306 
Praj       0.4715229 0.4167898 0.6288854 0.6280480 0.6813546 0.6510314 0.0000000 0.6370009 0.6595097 0.0046024 0.4283012 0.4161802 
Prai       0.7952451 0.6818550 0.1747629 0.0895141 0.2187262 0.1696217 0.6370009 0.0000000 0.1900016 0.6580186 0.6713292 0.7014545 
Prae       0.7951021 0.6928779 0.0300378 0.1691992 0.0728981 0.0267696 0.6595097 0.1900016 0.0000000 0.6938080 0.6421867 0.7241556 
Prbb       0.5061620 0.4283100 0.6629407 0.6614877 0.7123602 0.6854631 0.0046024 0.6580186 0.6938080 0.0000000 0.4613144 0.4455872 
Prat       0.4349022 0.3119177 0.6513518 0.6685305 0.6702515 0.6390837 0.4283012 0.6713292 0.6421867 0.4613144 0.0000000 0.4045404 
Prah       0.0164252 0.4674758 0.7114097 0.7062642 0.7299027 0.7287306 0.4161802 0.7014545 0.7241556 0.4455872 0.4045404 0.0000000 
