12
Prag       0.0000000 0.9823657 0.8832736 1.0240457 0.9604880 0.8936595 1.1076191 0.6261232 0.8737175 0.7675927 1.1203565 0.7478122 
Prak       0.9823657 0.0000000 0.7455256 1.0505635 0.8988434 0.8478587 0.9404685 0.9333930 0.8357456 0.9485069 1.0219637 0.9525003 
Prab       0.8832736 0.7455256 0.0000000 1.0370203 0.9243609 0.8727057 0.8919068 0.9097892 0.8566024 1.0076854 1.0500309 1.0124224 
Prae       1.0240457 1.0505635 1.0370203 0.0000000 0.9658560 0.8831080 0.9873253 0.9308433 0.8808403 1.0150193 1.0695827 1.0245106 
Prai       0.9604880 0.8988434 0.9243609 0.9658560 0.0000000 0.9680909 1.0233233 1.0193017 0.9403200 1.0777924 1.1278186 1.0773374 
Prbb       0.8936595 0.8478587 0.8727057 0.8831080 0.9680909 0.0000000 0.9891200 0.7697982 0.0086866 0.7369587 0.9116556 0.7351458 
Praa       1.1076191 0.9404685 0.8919068 0.9873253 1.0233233 0.9891200 0.0000000 1.0522084 0.9820706 1.1324088 1.2205140 1.1326618 
Prat       0.6261232 0.9333930 0.9097892 0.9308433 1.0193017 0.7697982 1.0522084 0.0000000 0.7464884 0.5847939 1.0618497 0.5640719 
Praj       0.8737175 0.8357456 0.8566024 0.8808403 0.9403200 0.0086866 0.9820706 0.7464884 0.0000000 0.7514653 0.8953218 0.7495273 
Prah       0.7675927 0.9485069 1.0076854 1.0150193 1.0777924 0.7369587 1.1324088 0.5847939 0.7514653 0.0000000 1.2189804 0.0235832 
Prau       1.1203565 1.0219637 1.0500309 1.0695827 1.1278186 0.9116556 1.2205140 1.0618497 0.8953218 1.2189804 0.0000000 1.2280693 
Praf       0.7478122 0.9525003 1.0124224 1.0245106 1.0773374 0.7351458 1.1326618 0.5640719 0.7495273 0.0235832 1.2280693 0.0000000 
