12
Prag       0.0000000 0.5952196 0.0397817 0.6836161 0.6544730 0.6250910 0.1184042 0.0399608 0.0379424 0.1137134 0.5750905 0.5614570 
Prat       0.5952196 0.0000000 0.5858937 0.2413079 0.2406749 0.1264403 0.5786324 0.5931415 0.5958122 0.6028497 0.2246784 0.2306791 
Praa       0.0397817 0.5858937 0.0000000 0.6813058 0.6598899 0.6103353 0.1371292 0.0445548 0.0181833 0.1310561 0.5905033 0.5844312 
Praf       0.6836161 0.2413079 0.6813058 0.0000000 0.0093979 0.2940416 0.7386601 0.6921938 0.7038476 0.6984017 0.2871966 0.2937020 
Prah       0.6544730 0.2406749 0.6598899 0.0093979 0.0000000 0.2938455 0.7006618 0.6716499 0.6817880 0.6751459 0.2809342 0.2873294 
Prak       0.6250910 0.1264403 0.6103353 0.2940416 0.2938455 0.0000000 0.6262393 0.6129391 0.6210661 0.6158045 0.2596677 0.2648099 
Prab       0.1184042 0.5786324 0.1371292 0.7386601 0.7006618 0.6262393 0.0000000 0.1391468 0.1258485 0.0461498 0.5794715 0.5790324 
Prau       0.0399608 0.5931415 0.0445548 0.6921938 0.6716499 0.6129391 0.1391468 0.0000000 0.0409220 0.1299987 0.5840481 0.5836232 
Prae       0.0379424 0.5958122 0.0181833 0.7038476 0.6817880 0.6210661 0.1258485 0.0409220 0.0000000 0.1231925 0.5847708 0.5786796 
Prai       0.1137134 0.6028497 0.1310561 0.6984017 0.6751459 0.6158045 0.0461498 0.1299987 0.1231925 0.0000000 0.5864081 0.5860023 
Prbb       0.5750905 0.2246784 0.5905033 0.2871966 0.2809342 0.2596677 0.5794715 0.5840481 0.5847708 0.5864081 0.0000000 0.0064281 
Praj       0.5614570 0.2306791 0.5844312 0.2937020 0.2873294 0.2648099 0.5790324 0.5836232 0.5786796 0.5860023 0.0064281 0.0000000 
