12
Prau       0.0000000 0.2408936 1.2253405 1.1839219 1.1839219 0.8286304 0.0531236 1.2253405 0.5566214 0.2992631 0.0000010 0.0173866 
Prab       0.2408936 0.0000000 1.3659028 1.1612839 1.1612839 0.8808094 0.2888734 1.3659028 0.7037483 0.0752385 0.2408936 0.2396856 
Prah       1.2253405 1.3659028 0.0000000 0.8966176 0.8966176 0.6835026 1.2999118 0.0000010 0.7039274 1.3393556 1.2253405 1.2253405 
Prbb       1.1839219 1.1612839 0.8966176 0.0000000 0.0000010 0.4137091 1.3065958 0.8966176 0.3317316 1.1389768 1.1839219 1.2286913 
Praj       1.1839219 1.1612839 0.8966176 0.0000010 0.0000000 0.4137091 1.3065958 0.8966176 0.3317316 1.1389768 1.1839219 1.2286913 
Prat       0.8286304 0.8808094 0.6835026 0.4137091 0.4137091 0.0000000 0.9005369 0.6835026 0.2549770 0.7827885 0.8286304 0.8286304 
Prag       0.0531236 0.2888734 1.2999118 1.3065958 1.3065958 0.9005369 0.0000000 1.2999118 0.6080376 0.3494680 0.0531236 0.0352329 
Praf       1.2253405 1.3659028 0.0000010 0.8966176 0.8966176 0.6835026 1.2999118 0.0000000 0.7039274 1.3393556 1.2253405 1.2253405 
Prak       0.5566214 0.7037483 0.7039274 0.3317316 0.3317316 0.2549770 0.6080376 0.7039274 0.0000000 0.6944647 0.5566214 0.5566214 
Prai       0.2992631 0.0752385 1.3393556 1.1389768 1.1389768 0.7827885 0.3494680 1.3393556 0.6944647 0.0000000 0.2992631 0.2977055 
Prae       0.0000010 0.2408936 1.2253405 1.1839219 1.1839219 0.8286304 0.0531236 1.2253405 0.5566214 0.2992631 0.0000000 0.0173866 
Praa       0.0173866 0.2396856 1.2253405 1.2286913 1.2286913 0.8286304 0.0352329 1.2253405 0.5566214 0.2977055 0.0173866 0.0000000 
