12
Prak       0.0000000 0.9240610 1.3716155 1.4858745 1.4598324 1.4741856 0.6883994 1.4460307 1.4615373 0.6909664 0.9160907 0.6765478 
Praj       0.9240610 0.0000000 1.4316829 1.3992713 1.3611546 1.3482975 0.8526267 1.3901570 1.4220254 0.9118915 0.0252544 0.8975898 
Prai       1.3716155 1.4316829 0.0000000 0.5876813 0.5756195 0.5564673 1.5915241 0.2372957 0.5563414 1.5962775 1.4036319 1.5630858 
Prau       1.4858745 1.3992713 0.5876813 0.0000000 0.1825431 0.2135205 1.5479741 0.5355940 0.1844971 1.5716762 1.3698257 1.4469979 
Prae       1.4598324 1.3611546 0.5756195 0.1825431 0.0000000 0.2003005 1.5925058 0.5424112 0.1191520 1.6099430 1.3350894 1.5776002 
Prag       1.4741856 1.3482975 0.5564673 0.2135205 0.2003005 0.0000000 1.5718777 0.5089946 0.2060656 1.5953575 1.3231218 1.4540448 
Prah       0.6883994 0.8526267 1.5915241 1.5479741 1.5925058 1.5718777 0.0000000 1.6272276 1.6020201 0.0239713 0.8454833 0.6323589 
Prab       1.4460307 1.3901570 0.2372957 0.5355940 0.5424112 0.5089946 1.6272276 0.0000000 0.5340004 1.6468301 1.3821251 1.5923526 
Praa       1.4615373 1.4220254 0.5563414 0.1844971 0.1191520 0.2060656 1.6020201 0.5340004 0.0000000 1.6216813 1.4014361 1.4804197 
Praf       0.6909664 0.9118915 1.5962775 1.5716762 1.6099430 1.5953575 0.0239713 1.6468301 1.6216813 0.0000000 0.9040783 0.6333766 
Prbb       0.9160907 0.0252544 1.4036319 1.3698257 1.3350894 1.3231218 0.8454833 1.3821251 1.4014361 0.9040783 0.0000000 0.8847573 
Prat       0.6765478 0.8975898 1.5630858 1.4469979 1.5776002 1.4540448 0.6323589 1.5923526 1.4804197 0.6333766 0.8847573 0.0000000 
