12
Prag       0.0000000 0.9344414 2.7152624 2.9908533 2.7302538 2.3690212 0.1688393 2.8559163 2.6133455 0.1530868 1.0157387 0.1977828 
Prab       0.9344414 0.0000000 2.2034576 3.4530995 2.8109133 2.5510467 0.7887085 3.0399304 2.1761586 0.8706237 0.5476682 0.9378495 
Praj       2.7152624 2.2034576 0.0000000 1.4005501 0.9665189 0.8575377 2.1830887 1.1557179 0.0425908 2.1606746 2.4730881 2.1955774 
Prah       2.9908533 3.4530995 1.4005501 0.0000000 0.1699311 0.6799845 2.8167723 1.1452754 1.3645798 2.9128299 3.6669206 2.9842435 
Praf       2.7302538 2.8109133 0.9665189 0.1699311 0.0000000 0.5513892 2.5946085 0.6540544 0.9665189 2.5946085 2.7209783 2.5807790 
Prak       2.3690212 2.5510467 0.8575377 0.6799845 0.5513892 0.0000000 1.9765527 0.5931554 0.8327998 2.1125126 2.8248896 2.0848790 
Praa       0.1688393 0.7887085 2.1830887 2.8167723 2.5946085 1.9765527 0.0000000 2.9508522 2.0996608 0.0518836 0.8682480 0.1294804 
Prat       2.8559163 3.0399304 1.1557179 1.1452754 0.6540544 0.5931554 2.9508522 0.0000000 1.2659046 2.7695448 2.7219767 2.6975650 
Prbb       2.6133455 2.1761586 0.0425908 1.3645798 0.9665189 0.8327998 2.0996608 1.2659046 0.0000000 2.0787570 2.3870885 2.0813398 
Prae       0.1530868 0.8706237 2.1606746 2.9128299 2.5946085 2.1125126 0.0518836 2.7695448 2.0787570 0.0000000 0.9357205 0.0620488 
Prai       1.0157387 0.5476682 2.4730881 3.6669206 2.7209783 2.8248896 0.8682480 2.7219767 2.3870885 0.9357205 0.0000000 1.0262157 
Prau       0.1977828 0.9378495 2.1955774 2.9842435 2.5807790 2.0848790 0.1294804 2.6975650 2.0813398 0.0620488 1.0262157 0.0000000 
