12
Prah       0.0000000 0.3406652 0.6736367 0.2620736 0.2620736 0.5828349 0.0000010 0.6297030 0.6282761 0.6778765 0.2984187 0.5983027 
Prak       0.3406652 0.0000000 0.5205699 0.2657453 0.2657453 0.4429270 0.3406652 0.5323001 0.4608508 0.5003937 0.1414482 0.4729557 
Praa       0.6736367 0.5205699 0.0000000 0.7047558 0.7047558 0.0736738 0.6736367 0.0282425 0.0290303 0.0140260 0.4621605 0.0770337 
Prbb       0.2620736 0.2657453 0.7047558 0.0000000 0.0000010 0.6492539 0.2620736 0.6594659 0.6581392 0.7093043 0.2368007 0.6682581 
Praj       0.2620736 0.2657453 0.7047558 0.0000010 0.0000000 0.6492539 0.2620736 0.6594659 0.6581392 0.7093043 0.2368007 0.6682581 
Prai       0.5828349 0.4429270 0.0736738 0.6492539 0.6492539 0.0000000 0.5828349 0.0949903 0.0617080 0.0790508 0.4121833 0.0442553 
Praf       0.0000010 0.3406652 0.6736367 0.2620736 0.2620736 0.5828349 0.0000000 0.6297030 0.6282761 0.6778765 0.2984187 0.5983027 
Prae       0.6297030 0.5323001 0.0282425 0.6594659 0.6594659 0.0949903 0.6297030 0.0000000 0.0274103 0.0132551 0.4961072 0.1141417 
Prau       0.6282761 0.4608508 0.0290303 0.6581392 0.6581392 0.0617080 0.6282761 0.0274103 0.0000000 0.0136071 0.4254371 0.0781400 
Prag       0.6778765 0.5003937 0.0140260 0.7093043 0.7093043 0.0790508 0.6778765 0.0132551 0.0136071 0.0000000 0.4646032 0.0969959 
Prat       0.2984187 0.1414482 0.4621605 0.2368007 0.2368007 0.4121833 0.2984187 0.4961072 0.4254371 0.4646032 0.0000000 0.4607769 
Prab       0.5983027 0.4729557 0.0770337 0.6682581 0.6682581 0.0442553 0.5983027 0.1141417 0.0781400 0.0969959 0.4607769 0.0000000 
