12
Prbb       0.0000000 0.7780381 1.0954317 1.0611092 1.0701704 1.0743184 0.0058295 1.0337351 1.0024295 0.7536923 0.7574239 0.7690556 
Prak       0.7780381 0.0000000 1.0243583 1.0394065 1.0407574 1.0681179 0.7888050 1.0796626 1.0652542 0.7741099 0.5554854 0.8023200 
Prab       1.0954317 1.0243583 0.0000000 0.1417749 0.1246147 0.0602035 1.0961505 0.1423020 0.1314039 1.1339871 0.9588849 1.1537280 
Prag       1.0611092 1.0394065 0.1417749 0.0000000 0.0389504 0.1739483 1.0616782 0.0574806 0.0584148 1.0395467 0.9618384 1.0579788 
Prau       1.0701704 1.0407574 0.1246147 0.0389504 0.0000000 0.1539709 1.0707825 0.0376732 0.0382456 1.0450087 0.9614558 1.0636994 
Prai       1.0743184 1.0681179 0.0602035 0.1739483 0.1539709 0.0000000 1.0749503 0.1712348 0.1642403 1.1217587 0.9455244 1.1412785 
Praj       0.0058295 0.7888050 1.0961505 1.0616782 1.0707825 1.0749503 0.0000000 1.0341977 1.0027711 0.7624810 0.7632336 0.7779024 
Praa       1.0337351 1.0796626 0.1423020 0.0574806 0.0376732 0.1712348 1.0341977 0.0000000 0.0281600 1.0273310 1.0299444 1.0457437 
Prae       1.0024295 1.0652542 0.1314039 0.0584148 0.0382456 0.1642403 1.0027711 0.0281600 0.0000000 1.0345072 1.0112195 1.0530319 
Prah       0.7536923 0.7741099 1.1339871 1.0395467 1.0450087 1.1217587 0.7624810 1.0273310 1.0345072 0.0000000 0.7005461 0.0058289 
Prat       0.7574239 0.5554854 0.9588849 0.9618384 0.9614558 0.9455244 0.7632336 1.0299444 1.0112195 0.7005461 0.0000000 0.6914226 
Praf       0.7690556 0.8023200 1.1537280 1.0579788 1.0636994 1.1412785 0.7779024 1.0457437 1.0530319 0.0058289 0.6914226 0.0000000 
