12
Praj       0.0000000 0.0000010 0.4810210 0.3772298 0.3572309 0.4348232 0.4348232 0.3706237 0.4344510 0.4369460 0.4141371 0.4369460 
Prbb       0.0000010 0.0000000 0.4810210 0.3772298 0.3572309 0.4348232 0.4348232 0.3706237 0.4344510 0.4369460 0.4141371 0.4369460 
Prae       0.4810210 0.4810210 0.0000000 0.4200902 0.5024674 0.0216022 0.0216022 0.4557796 0.0213220 0.0502485 0.5090784 0.0502485 
Praf       0.3772298 0.3772298 0.4200902 0.0000000 0.4112316 0.3803000 0.3803000 0.1002107 0.3794227 0.3269302 0.4837794 0.3269302 
Prak       0.3572309 0.3572309 0.5024674 0.4112316 0.0000000 0.4533597 0.4533597 0.4840219 0.5182795 0.5141599 0.1630896 0.5141599 
Prai       0.4348232 0.4348232 0.0216022 0.3803000 0.4533597 0.0000000 0.0000010 0.4135131 0.0240177 0.0431490 0.5054793 0.0431490 
Prab       0.4348232 0.4348232 0.0216022 0.3803000 0.4533597 0.0000010 0.0000000 0.4135131 0.0240177 0.0431490 0.5054793 0.0431490 
Prah       0.3706237 0.3706237 0.4557796 0.1002107 0.4840219 0.4135131 0.4135131 0.0000000 0.4129283 0.3584903 0.5352113 0.3584903 
Prau       0.4344510 0.4344510 0.0213220 0.3794227 0.5182795 0.0240177 0.0240177 0.4129283 0.0000000 0.0428641 0.5296662 0.0428641 
Praa       0.4369460 0.4369460 0.0502485 0.3269302 0.5141599 0.0431490 0.0431490 0.3584903 0.0428641 0.0000000 0.5725266 0.0000010 
Prat       0.4141371 0.4141371 0.5090784 0.4837794 0.1630896 0.5054793 0.5054793 0.5352113 0.5296662 0.5725266 0.0000000 0.5725266 
Prag       0.4369460 0.4369460 0.0502485 0.3269302 0.5141599 0.0431490 0.0431490 0.3584903 0.0428641 0.0000010 0.5725266 0.0000000 
