12
Prbb       0.0000000 0.7199571 0.5348918 0.4284530 0.4558773 0.6810356 0.0040642 0.5490274 0.6610717 0.6946577 0.6806109 0.7011837 
Prab       0.7199571 0.0000000 0.8729506 0.8598010 0.8722250 0.1591604 0.7292351 0.8867365 0.1631018 0.1669808 0.0931182 0.1614917 
Prah       0.5348918 0.8729506 0.0000000 0.5683814 0.5373805 0.8768990 0.5342740 0.0081275 0.8612827 0.8612827 0.8858530 0.8764689 
Prak       0.4284530 0.8598010 0.5683814 0.0000000 0.5334891 0.7606156 0.4360853 0.5819093 0.7403858 0.7351852 0.7087693 0.8060739 
Prat       0.4558773 0.8722250 0.5373805 0.5334891 0.0000000 0.8375424 0.4641435 0.5520240 0.8083205 0.8124044 0.7842896 0.8827344 
Prae       0.6810356 0.1591604 0.8768990 0.7606156 0.8375424 0.0000000 0.6898780 0.8841352 0.0154438 0.0115655 0.1488256 0.0481394 
Praj       0.0040642 0.7292351 0.5342740 0.4360853 0.4641435 0.6898780 0.0000000 0.5483995 0.6696162 0.7036305 0.6895627 0.7101581 
Praf       0.5490274 0.8867365 0.0081275 0.5819093 0.5520240 0.8841352 0.5483995 0.0000000 0.8748360 0.8748360 0.8998613 0.8901643 
Praa       0.6610717 0.1631018 0.8612827 0.7403858 0.8083205 0.0154438 0.6696162 0.8748360 0.0000000 0.0195124 0.1526363 0.0525094 
Prau       0.6946577 0.1669808 0.8612827 0.7351852 0.8124044 0.0115655 0.7036305 0.8748360 0.0195124 0.0000000 0.1563181 0.0530688 
Prai       0.6806109 0.0931182 0.8858530 0.7087693 0.7842896 0.1488256 0.6895627 0.8998613 0.1526363 0.1563181 0.0000000 0.1542606 
Prag       0.7011837 0.1614917 0.8764689 0.8060739 0.8827344 0.0481394 0.7101581 0.8901643 0.0525094 0.0530688 0.1542606 0.0000000 
