12
Prae       0.0000000 0.0000010 0.5694862 1.0774802 1.0774802 0.1988023 0.0130340 0.5694862 0.4557375 0.2199278 0.0401671 0.2164525 
Praa       0.0000010 0.0000000 0.5694862 1.0774802 1.0774802 0.1988023 0.0130340 0.5694862 0.4557375 0.2199278 0.0401671 0.2164525 
Prah       0.5694862 0.5694862 0.0000000 1.6092605 1.6092605 0.7270401 0.6084788 0.0000010 0.8463819 0.5383347 0.5459929 0.5387547 
Prbb       1.0774802 1.0774802 1.6092605 0.0000000 0.0000010 1.0037508 1.1374875 1.6092605 1.0905655 0.8847114 1.2355917 0.8166187 
Praj       1.0774802 1.0774802 1.6092605 0.0000010 0.0000000 1.0037508 1.1374875 1.6092605 1.0905655 0.8847114 1.2355917 0.8166187 
Prau       0.1988023 0.1988023 0.7270401 1.0037508 1.0037508 0.0000000 0.1980285 0.7270401 0.4254199 0.5337339 0.2030223 0.5269516 
Prag       0.0130340 0.0130340 0.6084788 1.1374875 1.1374875 0.1980285 0.0000000 0.6084788 0.4875344 0.2432629 0.0262393 0.2394861 
Praf       0.5694862 0.5694862 0.0000010 1.6092605 1.6092605 0.7270401 0.6084788 0.0000000 0.8463819 0.5383347 0.5459929 0.5387547 
Prai       0.4557375 0.4557375 0.8463819 1.0905655 1.0905655 0.4254199 0.4875344 0.8463819 0.0000000 0.6317641 0.5424765 0.5858276 
Prat       0.2199278 0.2199278 0.5383347 0.8847114 0.8847114 0.5337339 0.2432629 0.5383347 0.6317641 0.0000000 0.2378609 0.0582870 
Prab       0.0401671 0.0401671 0.5459929 1.2355917 1.2355917 0.2030223 0.0262393 0.5459929 0.5424765 0.2378609 0.0000000 0.2342257 
Prak       0.2164525 0.2164525 0.5387547 0.8166187 0.8166187 0.5269516 0.2394861 0.5387547 0.5858276 0.0582870 0.2342257 0.0000000 
