12
Prau       0.0000000 0.6576860 1.4618436 1.5990768 1.5932251 1.6759844 0.0972628 1.5528506 1.6778467 0.1258700 0.6877766 0.1174860 
Prab       0.6576860 0.0000000 1.5712105 1.7915417 1.8126709 1.6972859 0.6067352 1.5737032 1.7039548 0.6633892 0.2335259 0.6314841 
Prat       1.4618436 1.5712105 0.0000000 1.4636174 1.4144504 0.8948173 1.4110867 0.6921014 0.8556365 1.4697600 1.6477793 1.5196074 
Prbb       1.5990768 1.7915417 1.4636174 0.0000000 0.0138824 1.5493089 1.6436151 1.3861333 1.5126764 1.6960131 1.7742503 1.6266906 
Praj       1.5932251 1.8126709 1.4144504 0.0138824 0.0000000 1.5159314 1.6376856 1.3915694 1.4801192 1.7020324 1.7830865 1.6323469 
Prah       1.6759844 1.6972859 0.8948173 1.5493089 1.5159314 0.0000000 1.7305039 0.9555697 0.0308569 1.6305108 1.7889651 1.7609556 
Prae       0.0972628 0.6067352 1.4110867 1.6436151 1.6376856 1.7305039 0.0000000 1.4268799 1.6880887 0.1407326 0.6184045 0.1075506 
Prak       1.5528506 1.5737032 0.6921014 1.3861333 1.3915694 0.9555697 1.4268799 0.0000000 0.9178565 1.5245780 1.7440331 1.4935889 
Praf       1.6778467 1.7039548 0.8556365 1.5126764 1.4801192 0.0308569 1.6880887 0.9178565 0.0000000 1.5916028 1.7912993 1.7178010 
Prag       0.1258700 0.6633892 1.4697600 1.6960131 1.7020324 1.6305108 0.1407326 1.5245780 1.5916028 0.0000000 0.6778991 0.1481025 
Prai       0.6877766 0.2335259 1.6477793 1.7742503 1.7830865 1.7889651 0.6184045 1.7440331 1.7912993 0.6778991 0.0000000 0.6898978 
Praa       0.1174860 0.6314841 1.5196074 1.6266906 1.6323469 1.7609556 0.1075506 1.4935889 1.7178010 0.1481025 0.6898978 0.0000000 
