12
Prbb       0.0000000 0.6768247 0.6668703 0.6324598 0.6476263 0.6390454 0.6821666 0.6537226 0.6510150 0.6215787 0.6683257 0.0054521 
Praf       0.6768247 0.0000000 0.7973633 0.7876198 0.8400992 0.7912999 0.0168737 0.7983089 0.8267275 0.3830999 0.4719432 0.6781854 
Praa       0.6668703 0.7973633 0.0000000 0.2075573 0.2138551 0.1134599 0.7940807 0.0386000 0.0608914 0.7335914 0.7056300 0.6695620 
Prai       0.6324598 0.7876198 0.2075573 0.0000000 0.0995953 0.2721133 0.8059059 0.2289673 0.2396809 0.7677783 0.7463706 0.6350919 
Prab       0.6476263 0.8400992 0.2138551 0.0995953 0.0000000 0.2661384 0.8508424 0.2230694 0.2475212 0.8081099 0.7705570 0.6502724 
Prag       0.6390454 0.7912999 0.1134599 0.2721133 0.2661384 0.0000000 0.7938832 0.1089632 0.1126401 0.7636858 0.7430313 0.6417543 
Prah       0.6821666 0.0168737 0.7940807 0.8059059 0.8508424 0.7938832 0.0000000 0.7950088 0.8233926 0.3845487 0.4491130 0.6835301 
Prae       0.6537226 0.7983089 0.0386000 0.2289673 0.2230694 0.1089632 0.7950088 0.0000000 0.0594642 0.7441546 0.7273394 0.6563847 
Prau       0.6510150 0.8267275 0.0608914 0.2396809 0.2475212 0.1126401 0.8233926 0.0594642 0.0000000 0.7388772 0.6945476 0.6536750 
Prak       0.6215787 0.3830999 0.7335914 0.7677783 0.8081099 0.7636858 0.3845487 0.7441546 0.7388772 0.0000000 0.3543044 0.6291735 
Prat       0.6683257 0.4719432 0.7056300 0.7463706 0.7705570 0.7430313 0.4491130 0.7273394 0.6945476 0.3543044 0.0000000 0.6748007 
Praj       0.0054521 0.6781854 0.6695620 0.6350919 0.6502724 0.6417543 0.6835301 0.6563847 0.6536750 0.6291735 0.6748007 0.0000000 
