11
Praj       0.0000000 0.0000010 0.3846318 0.3231690 0.2012958 0.3672575 0.3773202 0.3080148 0.3555988 0.3672575 0.2564362 
Prbb       0.0000010 0.0000000 0.3846318 0.3231690 0.2012958 0.3672575 0.3773202 0.3080148 0.3555988 0.3672575 0.2564362 
Prab       0.3846318 0.3846318 0.0000000 0.4307573 0.4395121 0.0759436 0.0796905 0.4206714 0.0306250 0.0759436 0.4289181 
Praf       0.3231690 0.3231690 0.4307573 0.0000000 0.3477633 0.4027639 0.4153591 0.0192216 0.4136097 0.4027639 0.3346022 
Prak       0.2012958 0.2012958 0.4395121 0.3477633 0.0000000 0.4437320 0.4618113 0.3622544 0.4341249 0.4437320 0.2034058 
Prau       0.3672575 0.3672575 0.0759436 0.4027639 0.4437320 0.0000000 0.0150682 0.3816549 0.0661974 0.0000010 0.3953005 
Prag       0.3773202 0.3773202 0.0796905 0.4153591 0.4618113 0.0150682 0.0000000 0.3940254 0.0666113 0.0150682 0.4055294 
Prah       0.3080148 0.3080148 0.4206714 0.0192216 0.3622544 0.3816549 0.3940254 0.0000000 0.4038404 0.3816549 0.3379031 
Prai       0.3555988 0.3555988 0.0306250 0.4136097 0.4341249 0.0661974 0.0666113 0.4038404 0.0000000 0.0661974 0.4021926 
Praa       0.3672575 0.3672575 0.0759436 0.4027639 0.4437320 0.0000010 0.0150682 0.3816549 0.0661974 0.0000000 0.3953005 
Prat       0.2564362 0.2564362 0.4289181 0.3346022 0.2034058 0.3953005 0.4055294 0.3379031 0.4021926 0.3953005 0.0000000 
