12
Prak       0.0000000 0.8846941 1.2204666 1.3011485 1.3917007 1.3397822 0.8831028 1.2672947 1.2063238 0.8991585 0.8674837 0.9060192 
Praj       0.8846941 0.0000000 1.2938243 1.3699390 1.3965814 1.3466950 0.8991606 1.3184389 1.2123181 1.0709330 0.0135559 1.0817263 
Praa       1.2204666 1.2938243 0.0000000 0.0532949 0.0715686 0.0642523 1.4001247 0.0322720 0.3189973 1.5016963 1.2772593 1.5548581 
Prab       1.3011485 1.3699390 0.0532949 0.0000000 0.0655575 0.0641936 1.3591634 0.0431359 0.3199640 1.4699302 1.3417520 1.5220563 
Prag       1.3917007 1.3965814 0.0715686 0.0655575 0.0000000 0.0833048 1.4643784 0.0628454 0.3351429 1.5318521 1.3786721 1.5842303 
Prau       1.3397822 1.3466950 0.0642523 0.0641936 0.0833048 0.0000000 1.4524243 0.0559222 0.3440318 1.5399713 1.3293326 1.5739630 
Prat       0.8831028 0.8991606 1.4001247 1.3591634 1.4643784 1.4524243 0.0000000 1.3398380 1.4135394 0.9958006 0.9222241 0.9748299 
Prae       1.2672947 1.3184389 0.0322720 0.0431359 0.0628454 0.0559222 1.3398380 0.0000000 0.3166079 1.4760099 1.3015460 1.5279256 
Prai       1.2063238 1.2123181 0.3189973 0.3199640 0.3351429 0.3440318 1.4135394 0.3166079 0.0000000 1.4650721 1.1869441 1.5026992 
Prah       0.8991585 1.0709330 1.5016963 1.4699302 1.5318521 1.5399713 0.9958006 1.4760099 1.4650721 0.0000000 1.0641950 0.0467561 
Prbb       0.8674837 0.0135559 1.2772593 1.3417520 1.3786721 1.3293326 0.9222241 1.3015460 1.1869441 1.0641950 0.0000000 1.0749520 
Praf       0.9060192 1.0817263 1.5548581 1.5220563 1.5842303 1.5739630 0.9748299 1.5279256 1.5026992 0.0467561 1.0749520 0.0000000 
