12
Prat       0.0000000 1.3718876 1.5548386 1.5142354 1.5401110 1.6300093 0.9234405 1.6052084 1.6480294 1.5230187 1.3774190 1.5165909 
Praf       1.3718876 0.0000000 1.4874420 1.3924954 1.4025165 1.5397669 0.9714960 1.4787418 1.5912887 1.5530148 0.0708786 1.5627675 
Prai       1.5548386 1.4874420 0.0000000 1.8268407 1.8268323 0.4443429 1.2511672 0.1818513 0.4617372 0.4055338 1.4719751 0.3830225 
Prbb       1.5142354 1.3924954 1.8268407 0.0000000 0.0339924 1.7600309 1.6315088 1.6801398 1.8422283 1.7884583 1.4140040 1.6997614 
Praj       1.5401110 1.4025165 1.8268323 0.0339924 0.0000000 1.7451670 1.6609701 1.6810502 1.8265017 1.8021663 1.4240168 1.7165239 
Praa       1.6300093 1.5397669 0.4443429 1.7600309 1.7451670 0.0000000 1.3294586 0.4234262 0.1027048 0.1141965 1.6778101 0.0811636 
Prak       0.9234405 0.9714960 1.2511672 1.6315088 1.6609701 1.3294586 0.0000000 1.1950485 1.3272646 1.2742970 0.9038987 1.3031203 
Prab       1.6052084 1.4787418 0.1818513 1.6801398 1.6810502 0.4234262 1.1950485 0.0000000 0.4403684 0.3926625 1.4517442 0.3945059 
Prau       1.6480294 1.5912887 0.4617372 1.8422283 1.8265017 0.1027048 1.3272646 0.4403684 0.0000000 0.1635070 1.6455247 0.1205147 
Prag       1.5230187 1.5530148 0.4055338 1.7884583 1.8021663 0.1141965 1.2742970 0.3926625 0.1635070 0.0000000 1.5886173 0.1074120 
Prah       1.3774190 0.0708786 1.4719751 1.4140040 1.4240168 1.6778101 0.9038987 1.4517442 1.6455247 1.5886173 0.0000000 1.6153827 
Prae       1.5165909 1.5627675 0.3830225 1.6997614 1.7165239 0.0811636 1.3031203 0.3945059 0.1205147 0.1074120 1.6153827 0.0000000 
