12
Prai       0.0000000 0.1464600 0.1237166 0.1431109 0.1431294 0.1274419 0.0237683 0.1208576 0.1274549 0.1287354 0.1330315 0.1271014 
Prak       0.1464600 0.0000000 0.1928084 0.1189871 0.1182820 0.2111537 0.1373803 0.1915001 0.1930673 0.0983119 0.0822378 0.0957051 
Prau       0.1237166 0.1928084 0.0000000 0.2131147 0.2209336 0.0248221 0.1070983 0.0127339 0.0111093 0.1786618 0.1976602 0.1786265 
Prah       0.1431109 0.1189871 0.2131147 0.0000000 0.0031408 0.2263232 0.1409716 0.1996026 0.2085327 0.1294575 0.1193982 0.1292292 
Praf       0.1431294 0.1182820 0.2209336 0.0031408 0.0000000 0.2345545 0.1431021 0.2072094 0.2162649 0.1280317 0.1160616 0.1278217 
Prag       0.1274419 0.2111537 0.0248221 0.2263232 0.2345545 0.0000000 0.1076458 0.0262716 0.0266607 0.1808298 0.1966364 0.1808157 
Prab       0.0237683 0.1373803 0.1070983 0.1409716 0.1431021 0.1076458 0.0000000 0.1092995 0.1107684 0.1140564 0.1132131 0.1138134 
Prae       0.1208576 0.1915001 0.0127339 0.1996026 0.2072094 0.0262716 0.1092995 0.0000000 0.0144256 0.1809888 0.1943715 0.1809762 
Praa       0.1274549 0.1930673 0.0111093 0.2085327 0.2162649 0.0266607 0.1107684 0.0144256 0.0000000 0.1811801 0.1965821 0.1811693 
Prbb       0.1287354 0.0983119 0.1786618 0.1294575 0.1280317 0.1808298 0.1140564 0.1809888 0.1811801 0.0000000 0.0849913 0.0079059 
Prat       0.1330315 0.0822378 0.1976602 0.1193982 0.1160616 0.1966364 0.1132131 0.1943715 0.1965821 0.0849913 0.0000000 0.0795427 
Praj       0.1271014 0.0957051 0.1786265 0.1292292 0.1278217 0.1808157 0.1138134 0.1809762 0.1811693 0.0079059 0.0795427 0.0000000 
