	Praa	Prab	Prac	Prad	Prae	Praf	Prag	Prah	Prai	Praj	Prak	Pral	Pram	Pran	Prao	Prap	Praq	Prar	Pras	Prat	Prau	Prav	Praw	Prax	Pray	Praz	Prba	Prbb	Prbc	Prbd	Prbe	Prbf	Prbg	Prbh	Prbi	Prbj	Prbk	Prbl	Prbm	Prbn
Praa	0.0	1667.0	1656.0	1723.0	1699.0	1353.0	1686.0	1365.0	1627.0	1486.0	1444.0	1422.0	1439.0	1670.0	1686.0	1442.0	1646.0	1657.0	1715.0	1410.0	1717.0	1678.0	1680.0	1711.0	1723.0	1721.0	1721.0	1481.0	1474.0	1720.0	1445.0	1444.0	1446.0	1439.0	1718.0	1363.0	1362.0	1360.0	1483.0	1440.0
Prab	1667.0	0.0	1636.0	1668.0	1674.0	1350.0	1666.0	1354.0	1643.0	1478.0	1433.0	1406.0	1424.0	1909.0	1630.0	1429.0	1639.0	1636.0	1646.0	1401.0	1647.0	1660.0	1661.0	1698.0	1666.0	1664.0	1664.0	1473.0	1468.0	1681.0	1432.0	1431.0	1433.0	1423.0	1675.0	1350.0	1349.0	1347.0	1471.0	1427.0
Prac	1656.0	1636.0	0.0	1712.0	1646.0	1358.0	1663.0	1356.0	1639.0	1480.0	1434.0	1425.0	1453.0	1639.0	1646.0	1432.0	1888.0	1906.0	1695.0	1419.0	1703.0	1656.0	1656.0	1698.0	1701.0	1702.0	1700.0	1482.0	1478.0	1666.0	1435.0	1434.0	1436.0	1453.0	1667.0	1363.0	1362.0	1359.0	1479.0	1430.0
Prad	1723.0	1668.0	1712.0	0.0	1699.0	1363.0	1694.0	1375.0	1669.0	1494.0	1446.0	1444.0	1446.0	1672.0	1723.0	1444.0	1703.0	1709.0	1744.0	1436.0	1751.0	1691.0	1688.0	1713.0	1743.0	1740.0	1738.0	1490.0	1486.0	1730.0	1448.0	1445.0	1448.0	1446.0	1731.0	1379.0	1378.0	1376.0	1498.0	1442.0
Prae	1699.0	1674.0	1646.0	1699.0	0.0	1368.0	1693.0	1363.0	1604.0	1488.0	1428.0	1430.0	1429.0	1676.0	1687.0	1426.0	1643.0	1646.0	1673.0	1417.0	1681.0	1714.0	1688.0	1711.0	1702.0	1699.0	1701.0	1487.0	1476.0	1709.0	1429.0	1428.0	1430.0	1429.0	1720.0	1369.0	1368.0	1365.0	1482.0	1424.0
Praf	1353.0	1350.0	1358.0	1363.0	1368.0	0.0	1372.0	2113.0	1331.0	1429.0	1437.0	1439.0	1435.0	1348.0	1360.0	1432.0	1355.0	1358.0	1343.0	1448.0	1354.0	1382.0	1370.0	1363.0	1357.0	1354.0	1353.0	1435.0	1430.0	1359.0	1437.0	1433.0	1437.0	1436.0	1362.0	2128.0	2123.0	2122.0	1434.0	1431.0
Prag	1686.0	1666.0	1663.0	1694.0	1693.0	1372.0	0.0	1373.0	1630.0	1499.0	1449.0	1433.0	1447.0	1669.0	1680.0	1446.0	1665.0	1665.0	1657.0	1429.0	1680.0	1733.0	1908.0	1690.0	1693.0	1693.0	1692.0	1501.0	1490.0	1687.0	1450.0	1448.0	1450.0	1447.0	1691.0	1379.0	1377.0	1374.0	1493.0	1445.0
Prah	1365.0	1354.0	1356.0	1375.0	1363.0	2113.0	1373.0	0.0	1337.0	1431.0	1439.0	1443.0	1433.0	1353.0	1365.0	1434.0	1353.0	1358.0	1349.0	1448.0	1354.0	1380.0	1371.0	1366.0	1360.0	1358.0	1356.0	1431.0	1428.0	1365.0	1439.0	1435.0	1439.0	1434.0	1372.0	2069.0	2065.0	2066.0	1429.0	1433.0
Prai	1627.0	1643.0	1639.0	1669.0	1604.0	1331.0	1630.0	1337.0	0.0	1464.0	1426.0	1410.0	1439.0	1640.0	1605.0	1421.0	1634.0	1635.0	1654.0	1410.0	1664.0	1611.0	1625.0	1620.0	1655.0	1652.0	1651.0	1465.0	1464.0	1617.0	1425.0	1424.0	1425.0	1438.0	1634.0	1343.0	1342.0	1340.0	1464.0	1420.0
Praj	1486.0	1478.0	1480.0	1494.0	1488.0	1429.0	1499.0	1431.0	1464.0	0.0	1538.0	1522.0	1527.0	1477.0	1480.0	1533.0	1480.0	1481.0	1476.0	1507.0	1476.0	1501.0	1497.0	1491.0	1491.0	1489.0	1487.0	2021.0	1953.0	1499.0	1534.0	1534.0	1537.0	1527.0	1496.0	1432.0	1431.0	1427.0	1958.0	1531.0
Prak	1444.0	1433.0	1434.0	1446.0	1428.0	1437.0	1449.0	1439.0	1426.0	1538.0	0.0	1594.0	1658.0	1432.0	1426.0	1891.0	1432.0	1434.0	1422.0	1590.0	1427.0	1445.0	1448.0	1432.0	1443.0	1439.0	1440.0	1546.0	1533.0	1426.0	1896.0	1893.0	1895.0	1660.0	1443.0	1441.0	1439.0	1438.0	1537.0	1891.0
Pral	1422.0	1406.0	1425.0	1444.0	1430.0	1439.0	1433.0	1443.0	1410.0	1522.0	1594.0	0.0	1603.0	1406.0	1428.0	1590.0	1421.0	1425.0	1411.0	1650.0	1418.0	1443.0	1432.0	1420.0	1431.0	1430.0	1429.0	1520.0	1516.0	1419.0	1591.0	1591.0	1595.0	1605.0	1433.0	1438.0	1436.0	1436.0	1530.0	1589.0
Pram	1439.0	1424.0	1453.0	1446.0	1429.0	1435.0	1447.0	1433.0	1439.0	1527.0	1658.0	1603.0	0.0	1424.0	1435.0	1655.0	1448.0	1452.0	1429.0	1590.0	1434.0	1443.0	1445.0	1444.0	1445.0	1444.0	1442.0	1538.0	1527.0	1433.0	1657.0	1656.0	1659.0	1908.0	1450.0	1433.0	1430.0	1428.0	1530.0	1653.0
Pran	1670.0	1909.0	1639.0	1672.0	1676.0	1348.0	1669.0	1353.0	1640.0	1477.0	1432.0	1406.0	1424.0	0.0	1632.0	1429.0	1641.0	1639.0	1648.0	1402.0	1649.0	1664.0	1664.0	1698.0	1668.0	1666.0	1666.0	1472.0	1469.0	1684.0	1432.0	1431.0	1433.0	1423.0	1678.0	1350.0	1349.0	1347.0	1469.0	1427.0
Prao	1686.0	1630.0	1646.0	1723.0	1687.0	1360.0	1680.0	1365.0	1605.0	1480.0	1426.0	1428.0	1435.0	1632.0	0.0	1423.0	1648.0	1649.0	1668.0	1425.0	1672.0	1669.0	1679.0	1693.0	1701.0	1695.0	1694.0	1478.0	1468.0	1705.0	1427.0	1425.0	1426.0	1435.0	1711.0	1362.0	1361.0	1360.0	1483.0	1422.0
Prap	1442.0	1429.0	1432.0	1444.0	1426.0	1432.0	1446.0	1434.0	1421.0	1533.0	1891.0	1590.0	1655.0	1429.0	1423.0	0.0	1429.0	1432.0	1420.0	1586.0	1425.0	1442.0	1445.0	1429.0	1440.0	1436.0	1437.0	1542.0	1528.0	1424.0	1902.0	1902.0	1892.0	1657.0	1441.0	1437.0	1435.0	1434.0	1532.0	1906.0
Praq	1646.0	1639.0	1888.0	1703.0	1643.0	1355.0	1665.0	1353.0	1634.0	1480.0	1432.0	1421.0	1448.0	1641.0	1648.0	1429.0	0.0	1893.0	1692.0	1418.0	1696.0	1657.0	1658.0	1696.0	1695.0	1696.0	1694.0	1483.0	1474.0	1662.0	1432.0	1431.0	1433.0	1448.0	1668.0	1361.0	1360.0	1357.0	1477.0	1427.0
Prar	1657.0	1636.0	1906.0	1709.0	1646.0	1358.0	1665.0	1358.0	1635.0	1481.0	1434.0	1425.0	1452.0	1639.0	1649.0	1432.0	1893.0	0.0	1697.0	1420.0	1704.0	1659.0	1658.0	1699.0	1701.0	1702.0	1699.0	1482.0	1477.0	1670.0	1435.0	1434.0	1436.0	1452.0	1672.0	1363.0	1362.0	1359.0	1479.0	1430.0
Pras	1715.0	1646.0	1695.0	1744.0	1673.0	1343.0	1657.0	1349.0	1654.0	1476.0	1422.0	1411.0	1429.0	1648.0	1668.0	1420.0	1692.0	1697.0	0.0	1402.0	1791.0	1662.0	1652.0	1686.0	1723.0	1721.0	1721.0	1482.0	1474.0	1693.0	1423.0	1422.0	1424.0	1429.0	1704.0	1354.0	1353.0	1351.0	1477.0	1418.0
Prat	1410.0	1401.0	1419.0	1436.0	1417.0	1448.0	1429.0	1448.0	1410.0	1507.0	1590.0	1650.0	1590.0	1402.0	1425.0	1586.0	1418.0	1420.0	1402.0	0.0	1411.0	1433.0	1429.0	1413.0	1413.0	1413.0	1413.0	1509.0	1514.0	1414.0	1589.0	1587.0	1589.0	1591.0	1423.0	1442.0	1440.0	1438.0	1515.0	1585.0
Prau	1717.0	1647.0	1703.0	1751.0	1681.0	1354.0	1680.0	1354.0	1664.0	1476.0	1427.0	1418.0	1434.0	1649.0	1672.0	1425.0	1696.0	1704.0	1791.0	1411.0	0.0	1670.0	1676.0	1695.0	1724.0	1722.0	1721.0	1485.0	1467.0	1696.0	1428.0	1427.0	1429.0	1434.0	1711.0	1359.0	1358.0	1355.0	1476.0	1423.0
Prav	1678.0	1660.0	1656.0	1691.0	1714.0	1382.0	1733.0	1380.0	1611.0	1501.0	1445.0	1443.0	1443.0	1664.0	1669.0	1442.0	1657.0	1659.0	1662.0	1433.0	1670.0	0.0	1733.0	1698.0	1689.0	1690.0	1690.0	1497.0	1490.0	1693.0	1446.0	1444.0	1446.0	1443.0	1693.0	1382.0	1381.0	1377.0	1496.0	1441.0
Praw	1680.0	1661.0	1656.0	1688.0	1688.0	1370.0	1908.0	1371.0	1625.0	1497.0	1448.0	1432.0	1445.0	1664.0	1679.0	1445.0	1658.0	1658.0	1652.0	1429.0	1676.0	1733.0	0.0	1688.0	1689.0	1690.0	1688.0	1499.0	1489.0	1682.0	1449.0	1447.0	1449.0	1445.0	1686.0	1377.0	1375.0	1373.0	1492.0	1444.0
Prax	1711.0	1698.0	1698.0	1713.0	1711.0	1363.0	1690.0	1366.0	1620.0	1491.0	1432.0	1420.0	1444.0	1698.0	1693.0	1429.0	1696.0	1699.0	1686.0	1413.0	1695.0	1698.0	1688.0	0.0	1708.0	1708.0	1708.0	1491.0	1479.0	1735.0	1432.0	1431.0	1433.0	1444.0	1745.0	1372.0	1371.0	1369.0	1480.0	1427.0
Pray	1723.0	1666.0	1701.0	1743.0	1702.0	1357.0	1693.0	1360.0	1655.0	1491.0	1443.0	1431.0	1445.0	1668.0	1701.0	1440.0	1695.0	1701.0	1723.0	1413.0	1724.0	1689.0	1689.0	1708.0	0.0	1885.0	1885.0	1492.0	1488.0	1723.0	1444.0	1442.0	1444.0	1445.0	1729.0	1369.0	1369.0	1366.0	1482.0	1439.0
Praz	1721.0	1664.0	1702.0	1740.0	1699.0	1354.0	1693.0	1358.0	1652.0	1489.0	1439.0	1430.0	1444.0	1666.0	1695.0	1436.0	1696.0	1702.0	1721.0	1413.0	1722.0	1690.0	1690.0	1708.0	1885.0	0.0	1890.0	1492.0	1487.0	1722.0	1440.0	1438.0	1440.0	1444.0	1723.0	1369.0	1367.0	1365.0	1482.0	1435.0
Prba	1721.0	1664.0	1700.0	1738.0	1701.0	1353.0	1692.0	1356.0	1651.0	1487.0	1440.0	1429.0	1442.0	1666.0	1694.0	1437.0	1694.0	1699.0	1721.0	1413.0	1721.0	1690.0	1688.0	1708.0	1885.0	1890.0	0.0	1490.0	1485.0	1722.0	1441.0	1439.0	1441.0	1442.0	1722.0	1368.0	1367.0	1364.0	1482.0	1436.0
Prbb	1481.0	1473.0	1482.0	1490.0	1487.0	1435.0	1501.0	1431.0	1465.0	2021.0	1546.0	1520.0	1538.0	1472.0	1478.0	1542.0	1483.0	1482.0	1482.0	1509.0	1485.0	1497.0	1499.0	1491.0	1492.0	1492.0	1490.0	0.0	1941.0	1492.0	1540.0	1543.0	1546.0	1538.0	1500.0	1432.0	1430.0	1426.0	1944.0	1539.0
Prbc	1474.0	1468.0	1478.0	1486.0	1476.0	1430.0	1490.0	1428.0	1464.0	1953.0	1533.0	1516.0	1527.0	1469.0	1468.0	1528.0	1474.0	1477.0	1474.0	1514.0	1467.0	1490.0	1489.0	1479.0	1488.0	1487.0	1485.0	1941.0	0.0	1499.0	1531.0	1529.0	1533.0	1527.0	1492.0	1437.0	1436.0	1432.0	1900.0	1527.0
Prbd	1720.0	1681.0	1666.0	1730.0	1709.0	1359.0	1687.0	1365.0	1617.0	1499.0	1426.0	1419.0	1433.0	1684.0	1705.0	1424.0	1662.0	1670.0	1693.0	1414.0	1696.0	1693.0	1682.0	1735.0	1723.0	1722.0	1722.0	1492.0	1499.0	0.0	1427.0	1426.0	1428.0	1433.0	1733.0	1376.0	1374.0	1372.0	1488.0	1422.0
Prbe	1445.0	1432.0	1435.0	1448.0	1429.0	1437.0	1450.0	1439.0	1425.0	1534.0	1896.0	1591.0	1657.0	1432.0	1427.0	1902.0	1432.0	1435.0	1423.0	1589.0	1428.0	1446.0	1449.0	1432.0	1444.0	1440.0	1441.0	1540.0	1531.0	1427.0	0.0	1904.0	1898.0	1659.0	1444.0	1442.0	1440.0	1439.0	1532.0	1902.0
Prbf	1444.0	1431.0	1434.0	1445.0	1428.0	1433.0	1448.0	1435.0	1424.0	1534.0	1893.0	1591.0	1656.0	1431.0	1425.0	1902.0	1431.0	1434.0	1422.0	1587.0	1427.0	1444.0	1447.0	1431.0	1442.0	1438.0	1439.0	1543.0	1529.0	1426.0	1904.0	0.0	1895.0	1658.0	1443.0	1438.0	1436.0	1435.0	1533.0	1902.0
Prbg	1446.0	1433.0	1436.0	1448.0	1430.0	1437.0	1450.0	1439.0	1425.0	1537.0	1895.0	1595.0	1659.0	1433.0	1426.0	1892.0	1433.0	1436.0	1424.0	1589.0	1429.0	1446.0	1449.0	1433.0	1444.0	1440.0	1441.0	1546.0	1533.0	1428.0	1898.0	1895.0	0.0	1661.0	1445.0	1442.0	1440.0	1439.0	1537.0	1892.0
Prbh	1439.0	1423.0	1453.0	1446.0	1429.0	1436.0	1447.0	1434.0	1438.0	1527.0	1660.0	1605.0	1908.0	1423.0	1435.0	1657.0	1448.0	1452.0	1429.0	1591.0	1434.0	1443.0	1445.0	1444.0	1445.0	1444.0	1442.0	1538.0	1527.0	1433.0	1659.0	1658.0	1661.0	0.0	1450.0	1434.0	1431.0	1429.0	1530.0	1655.0
Prbi	1718.0	1675.0	1667.0	1731.0	1720.0	1362.0	1691.0	1372.0	1634.0	1496.0	1443.0	1433.0	1450.0	1678.0	1711.0	1441.0	1668.0	1672.0	1704.0	1423.0	1711.0	1693.0	1686.0	1745.0	1729.0	1723.0	1722.0	1500.0	1492.0	1733.0	1444.0	1443.0	1445.0	1450.0	0.0	1371.0	1370.0	1367.0	1490.0	1439.0
Prbj	1363.0	1350.0	1363.0	1379.0	1369.0	2128.0	1379.0	2069.0	1343.0	1432.0	1441.0	1438.0	1433.0	1350.0	1362.0	1437.0	1361.0	1363.0	1354.0	1442.0	1359.0	1382.0	1377.0	1372.0	1369.0	1369.0	1368.0	1432.0	1437.0	1376.0	1442.0	1438.0	1442.0	1434.0	1371.0	0.0	2625.0	2607.0	1429.0	1436.0
Prbk	1362.0	1349.0	1362.0	1378.0	1368.0	2123.0	1377.0	2065.0	1342.0	1431.0	1439.0	1436.0	1430.0	1349.0	1361.0	1435.0	1360.0	1362.0	1353.0	1440.0	1358.0	1381.0	1375.0	1371.0	1369.0	1367.0	1367.0	1430.0	1436.0	1374.0	1440.0	1436.0	1440.0	1431.0	1370.0	2625.0	0.0	2610.0	1428.0	1434.0
Prbl	1360.0	1347.0	1359.0	1376.0	1365.0	2122.0	1374.0	2066.0	1340.0	1427.0	1438.0	1436.0	1428.0	1347.0	1360.0	1434.0	1357.0	1359.0	1351.0	1438.0	1355.0	1377.0	1373.0	1369.0	1366.0	1365.0	1364.0	1426.0	1432.0	1372.0	1439.0	1435.0	1439.0	1429.0	1367.0	2607.0	2610.0	0.0	1424.0	1433.0
Prbm	1483.0	1471.0	1479.0	1498.0	1482.0	1434.0	1493.0	1429.0	1464.0	1958.0	1537.0	1530.0	1530.0	1469.0	1483.0	1532.0	1477.0	1479.0	1477.0	1515.0	1476.0	1496.0	1492.0	1480.0	1482.0	1482.0	1482.0	1944.0	1900.0	1488.0	1532.0	1533.0	1537.0	1530.0	1490.0	1429.0	1428.0	1424.0	0.0	1530.0
Prbn	1440.0	1427.0	1430.0	1442.0	1424.0	1431.0	1445.0	1433.0	1420.0	1531.0	1891.0	1589.0	1653.0	1427.0	1422.0	1906.0	1427.0	1430.0	1418.0	1585.0	1423.0	1441.0	1444.0	1427.0	1439.0	1435.0	1436.0	1539.0	1527.0	1422.0	1902.0	1902.0	1892.0	1655.0	1439.0	1436.0	1434.0	1433.0	1530.0	0.0
