	Praa	Prab	Prac	Prad	Prae	Praf	Prag	Prah	Prai	Praj	Prak	Pral	Pram	Pran	Prao	Prap	Praq	Prar	Pras	Prat	Prau	Prav	Praw	Prax	Pray	Praz	Prba	Prbb	Prbc	Prbd	Prbe	Prbf	Prbg	Prbh	Prbi	Prbj	Prbk	Prbl	Prbm	Prbn
Praa	1821	1692	1668	1720	1695	1395	1692	1391	1652	1525	1474	1452	1462	1691	1683	1472	1661	1668	1709	1447	1718	1692	1687	1703	1715	1713	1716	1522	1520	1708	1474	1474	1474	1462	1722	1382	1382	1379	1525	1471
Prab	1692	1861	1656	1691	1690	1398	1673	1388	1648	1519	1462	1444	1453	1859	1652	1460	1657	1657	1674	1440	1676	1678	1668	1721	1685	1683	1686	1518	1514	1700	1462	1462	1462	1453	1704	1377	1377	1374	1525	1459
Prac	1668	1656	1878	1722	1651	1403	1663	1389	1649	1519	1459	1455	1472	1656	1648	1456	1853	1864	1705	1449	1716	1671	1656	1705	1700	1699	1700	1523	1524	1666	1459	1458	1458	1472	1686	1384	1384	1380	1526	1456
Prad	1720	1691	1722	1867	1701	1406	1695	1406	1683	1535	1475	1472	1469	1690	1719	1473	1715	1718	1750	1471	1749	1700	1690	1711	1734	1730	1731	1534	1536	1725	1476	1474	1475	1469	1732	1400	1400	1397	1546	1472
Prae	1695	1690	1651	1701	1806	1411	1695	1397	1620	1524	1455	1461	1452	1689	1685	1453	1648	1652	1676	1456	1690	1727	1690	1709	1698	1695	1698	1522	1517	1700	1455	1455	1455	1452	1715	1387	1387	1383	1529	1452
Praf	1395	1398	1403	1406	1411	2305	1416	2133	1377	1478	1482	1479	1474	1397	1399	1478	1400	1406	1392	1486	1407	1431	1414	1412	1402	1399	1401	1488	1478	1404	1482	1480	1481	1474	1418	2146	2145	2140	1488	1478
Prag	1692	1673	1663	1695	1695	1416	1865	1407	1637	1533	1474	1465	1473	1673	1687	1471	1664	1665	1664	1463	1687	1732	1852	1693	1692	1691	1692	1534	1528	1687	1474	1473	1473	1473	1703	1400	1400	1396	1540	1471
Prah	1391	1388	1389	1406	1397	2133	1407	2209	1372	1465	1471	1470	1462	1387	1395	1467	1386	1392	1387	1477	1396	1420	1406	1400	1396	1395	1395	1471	1470	1399	1471	1469	1470	1462	1414	2088	2087	2087	1471	1467
Prai	1652	1648	1649	1683	1620	1377	1637	1372	1798	1497	1456	1450	1461	1647	1625	1453	1639	1646	1674	1443	1687	1623	1633	1633	1668	1667	1668	1500	1504	1636	1456	1455	1455	1461	1658	1372	1372	1369	1505	1453
Praj	1525	1519	1519	1535	1524	1478	1533	1465	1497	1954	1561	1542	1551	1519	1518	1557	1516	1519	1521	1541	1524	1543	1533	1531	1527	1525	1525	1919	1891	1534	1559	1559	1559	1551	1541	1460	1461	1456	1880	1556
Prak	1474	1462	1459	1475	1455	1482	1474	1471	1456	1561	1857	1601	1657	1461	1456	1849	1456	1459	1459	1605	1465	1478	1473	1462	1468	1464	1466	1571	1570	1459	1854	1852	1853	1657	1478	1465	1465	1463	1565	1850
Pral	1452	1444	1455	1472	1461	1479	1465	1470	1450	1542	1601	1749	1609	1443	1459	1597	1452	1455	1449	1657	1459	1478	1464	1454	1461	1458	1459	1546	1548	1450	1600	1599	1600	1609	1472	1463	1463	1461	1556	1597
Pram	1462	1453	1472	1469	1452	1474	1473	1462	1461	1551	1657	1609	1871	1452	1461	1654	1467	1472	1464	1601	1467	1473	1471	1469	1469	1467	1469	1566	1565	1459	1656	1656	1656	1871	1486	1455	1454	1452	1564	1653
Pran	1691	1859	1656	1690	1689	1397	1673	1387	1647	1519	1461	1443	1452	1863	1651	1459	1657	1657	1673	1439	1675	1678	1668	1720	1685	1683	1686	1518	1515	1700	1461	1461	1461	1452	1705	1376	1376	1373	1525	1458
Prao	1683	1652	1648	1719	1685	1399	1687	1395	1625	1518	1456	1459	1461	1651	1777	1453	1649	1650	1675	1458	1676	1682	1687	1689	1699	1692	1693	1522	1514	1697	1456	1455	1455	1461	1709	1384	1384	1382	1528	1453
Prap	1472	1460	1456	1473	1453	1478	1471	1467	1453	1557	1849	1597	1654	1459	1453	1859	1453	1456	1457	1601	1463	1475	1470	1460	1465	1461	1463	1568	1566	1457	1853	1854	1849	1654	1476	1461	1461	1459	1561	1855
Praq	1661	1657	1853	1715	1648	1400	1664	1386	1639	1516	1456	1452	1467	1657	1649	1453	1871	1855	1700	1447	1709	1670	1657	1706	1695	1694	1695	1520	1518	1665	1456	1455	1455	1467	1685	1383	1383	1379	1521	1453
Prar	1668	1657	1864	1718	1652	1406	1665	1392	1646	1519	1459	1455	1472	1657	1650	1456	1855	1881	1707	1450	1716	1674	1658	1706	1700	1699	1699	1523	1525	1669	1459	1458	1458	1472	1692	1385	1385	1381	1525	1456
Pras	1709	1674	1705	1750	1676	1392	1664	1387	1674	1521	1459	1449	1464	1673	1675	1457	1700	1707	1847	1446	1773	1677	1661	1687	1721	1718	1721	1528	1524	1692	1459	1459	1459	1464	1719	1382	1382	1379	1526	1456
Prat	1447	1440	1449	1471	1456	1486	1463	1477	1443	1541	1605	1657	1601	1439	1458	1601	1447	1450	1446	1740	1455	1473	1463	1450	1449	1447	1448	1548	1552	1449	1603	1603	1604	1601	1462	1467	1467	1464	1557	1600
Prau	1718	1676	1716	1749	1690	1407	1687	1396	1687	1524	1465	1459	1467	1675	1676	1463	1709	1716	1773	1455	1864	1685	1684	1699	1724	1721	1723	1533	1525	1693	1465	1465	1465	1467	1724	1391	1391	1387	1531	1462
Prav	1692	1678	1671	1700	1727	1431	1732	1420	1623	1543	1478	1478	1473	1678	1682	1475	1670	1674	1677	1473	1685	1865	1731	1703	1695	1695	1698	1543	1542	1698	1478	1477	1477	1473	1715	1410	1410	1405	1552	1475
Praw	1687	1668	1656	1690	1690	1414	1852	1406	1633	1533	1473	1464	1471	1668	1687	1470	1657	1658	1661	1463	1684	1731	1858	1688	1687	1687	1687	1534	1528	1682	1473	1472	1472	1471	1698	1399	1399	1396	1541	1470
Prax	1703	1721	1705	1711	1709	1412	1693	1400	1633	1531	1462	1454	1469	1720	1689	1460	1706	1706	1687	1450	1699	1703	1688	1851	1702	1700	1702	1530	1524	1723	1462	1462	1462	1469	1735	1393	1393	1390	1534	1459
Pray	1715	1685	1700	1734	1698	1402	1692	1396	1668	1527	1468	1461	1469	1685	1699	1465	1695	1700	1721	1449	1724	1695	1687	1702	1868	1856	1858	1530	1530	1713	1468	1467	1467	1469	1731	1391	1391	1388	1530	1465
Praz	1713	1683	1699	1730	1695	1399	1691	1395	1667	1525	1464	1458	1467	1683	1692	1461	1694	1699	1718	1447	1721	1695	1687	1700	1856	1862	1859	1529	1530	1711	1464	1463	1463	1467	1724	1391	1390	1387	1531	1461
Prba	1716	1686	1700	1731	1698	1401	1692	1395	1668	1525	1466	1459	1469	1686	1693	1463	1695	1699	1721	1448	1723	1698	1687	1702	1858	1859	1868	1529	1530	1713	1466	1465	1465	1469	1725	1391	1391	1387	1533	1463
Prbb	1522	1518	1523	1534	1522	1488	1534	1471	1500	1919	1571	1546	1566	1518	1522	1568	1520	1523	1528	1548	1533	1543	1534	1530	1530	1529	1529	1981	1895	1530	1569	1570	1570	1566	1555	1462	1462	1457	1885	1566
Prbc	1520	1514	1524	1536	1517	1478	1528	1470	1504	1891	1570	1548	1565	1515	1514	1566	1518	1525	1524	1552	1525	1542	1528	1524	1530	1530	1530	1895	1977	1546	1569	1568	1569	1565	1567	1471	1471	1466	1872	1566
Prbd	1708	1700	1666	1725	1700	1404	1687	1399	1636	1534	1459	1450	1459	1700	1697	1457	1665	1669	1692	1449	1693	1698	1682	1723	1713	1711	1713	1530	1546	1816	1459	1459	1459	1459	1740	1395	1394	1391	1535	1456
Prbe	1474	1462	1459	1476	1455	1482	1474	1471	1456	1559	1854	1600	1656	1461	1456	1853	1456	1459	1459	1603	1465	1478	1473	1462	1468	1464	1466	1569	1569	1459	1860	1856	1855	1656	1478	1465	1465	1463	1563	1854
Prbf	1474	1462	1458	1474	1455	1480	1473	1469	1455	1559	1852	1599	1656	1461	1455	1854	1455	1458	1459	1603	1465	1477	1472	1462	1467	1463	1465	1570	1568	1459	1856	1859	1853	1656	1478	1463	1463	1461	1563	1855
Prbg	1474	1462	1458	1475	1455	1481	1473	1470	1455	1559	1853	1600	1656	1461	1455	1849	1455	1458	1459	1604	1465	1477	1472	1462	1467	1463	1465	1570	1569	1459	1855	1853	1858	1656	1478	1464	1464	1462	1564	1850
Prbh	1462	1453	1472	1469	1452	1474	1473	1462	1461	1551	1657	1609	1871	1452	1461	1654	1467	1472	1464	1601	1467	1473	1471	1469	1469	1467	1469	1566	1565	1459	1656	1656	1656	1871	1486	1455	1454	1452	1564	1653
Prbi	1722	1704	1686	1732	1715	1418	1703	1414	1658	1541	1478	1472	1486	1705	1709	1476	1685	1692	1719	1462	1724	1715	1698	1735	1731	1724	1725	1555	1567	1740	1478	1478	1478	1486	1889	1397	1397	1393	1550	1475
Prbj	1382	1377	1384	1400	1387	2146	1400	2088	1372	1460	1465	1463	1455	1376	1384	1461	1383	1385	1382	1467	1391	1410	1399	1393	1391	1391	1391	1462	1471	1395	1465	1463	1464	1455	1397	2563	2555	2538	1463	1461
Prbk	1382	1377	1384	1400	1387	2145	1400	2087	1372	1461	1465	1463	1454	1376	1384	1461	1383	1385	1382	1467	1391	1410	1399	1393	1391	1390	1391	1462	1471	1394	1465	1463	1464	1454	1397	2555	2566	2541	1464	1461
Prbl	1379	1374	1380	1397	1383	2140	1396	2087	1369	1456	1463	1461	1452	1373	1382	1459	1379	1381	1379	1464	1387	1405	1396	1390	1388	1387	1387	1457	1466	1391	1463	1461	1462	1452	1393	2538	2541	2551	1459	1459
Prbm	1525	1525	1526	1546	1529	1488	1540	1471	1505	1880	1565	1556	1564	1525	1528	1561	1521	1525	1526	1557	1531	1552	1541	1534	1530	1531	1533	1885	1872	1535	1563	1563	1564	1564	1550	1463	1464	1459	1971	1560
Prbn	1471	1459	1456	1472	1452	1478	1471	1467	1453	1556	1850	1597	1653	1458	1453	1855	1453	1456	1456	1600	1462	1475	1470	1459	1465	1461	1463	1566	1566	1456	1854	1855	1850	1653	1475	1461	1461	1459	1560	1859
