Orthogroup	Prar	Prae
OG0000000	Prar.g_00729	Prae.g_01580
OG0000000	Prar.g_00730	Prae.g_01579
OG0000001	Prar.g_00918	Prae.g_01361
OG0000001	Prar.g_01508	Prae.g_00652
OG0000002	Prar.g_01202	Prae.g_01224, Prae.g_01223
OG0000002	Prar.g_00926	Prae.g_01353
OG0000003	Prar.g_00593	Prae.g_00040
OG0000004	Prar.g_00973	Prae.g_01308
OG0000004	Prar.g_00727	Prae.g_01581
OG0000005	Prar.g_01623	Prae.g_00735
OG0000005	Prar.g_01630	Prae.g_00742
OG0000006	Prar.g_00991	Prae.g_01283
OG0000006	Prar.g_01643	Prae.g_00756
OG0000006	Prar.g_01313	Prae.g_01110
OG0000007	Prar.g_01002	Prae.g_01264
OG0000007	Prar.g_00445	Prae.g_00383
OG0000008	Prar.g_01328	Prae.g_00471
OG0000008	Prar.g_01143	Prae.g_01623
OG0000009	Prar.g_01009	Prae.g_01612
OG0000010	Prar.g_01663	Prae.g_00786
OG0000010	Prar.g_00078	Prae.g_00252
OG0000011	Prar.g_00436	Prae.g_00375
OG0000012	Prar.g_00435	Prae.g_00374
OG0000013	Prar.g_00737	Prae.g_01572
OG0000014	Prar.g_00281	Prae.g_01401, Prae.g_00307
OG0000015	Prar.g_00257	Prae.g_00331
OG0000016	Prar.g_01179	Prae.g_01235
OG0000017	Prar.g_00520	Prae.g_00444
OG0000018	Prar.g_01428	Prae.g_00572
OG0000019	Prar.g_00443	Prae.g_00381
OG0000020	Prar.g_00915	Prae.g_01364
OG0000021	Prar.g_00827	Prae.g_01479
OG0000022	Prar.g_00086	Prae.g_00244
OG0000023	Prar.g_00425	Prae.g_00364
OG0000024	Prar.g_00979	Prae.g_01290
OG0000025	Prar.g_01634	Prae.g_00748
OG0000026	Prar.g_00971	Prae.g_01310
OG0000027	Prar.g_01502	Prae.g_00646
OG0000028	Prar.g_00996	Prae.g_01277
OG0000029	Prar.g_01664	Prae.g_00787
OG0000030	Prar.g_01665	Prae.g_00788
OG0000031	Prar.g_00660	Prae.g_01822
OG0000032	Prar.g_00004, Prar.g_00005	Prae.g_00033
OG0000033	Prar.g_00761	Prae.g_01546
OG0000033	Prar.g_01626	Prae.g_00738
OG0000034	Prar.g_00339	Prae.g_01459
OG0000035	Prar.g_00736	Prae.g_01573
OG0000036	Prar.g_01315	Prae.g_01107
OG0000038	Prar.g_00879	Prae.g_01391
OG0000039	Prar.g_00025	Prae.g_00013
OG0000040	Prar.g_00978	Prae.g_01291, Prae.g_00398
OG0000041	Prar.g_01453	Prae.g_00597
OG0000042	Prar.g_00704	Prae.g_01867
OG0000043	Prar.g_01761	Prae.g_00894
OG0000045	Prar.g_01414	Prae.g_00559
OG0000046	Prar.g_01649	Prae.g_00764
OG0000047	Prar.g_01263	Prae.g_01163
OG0000049	Prar.g_00362	Prae.g_01406
OG0000050	Prar.g_00161	Prae.g_00169
OG0000051	Prar.g_00420	Prae.g_00359
OG0000052	Prar.g_00476	Prae.g_00402
OG0000053	Prar.g_01599	Prae.g_00711
OG0000054	Prar.g_01150	Prae.g_01616
OG0000055	Prar.g_00653	Prae.g_01815
OG0000056	Prar.g_00007	Prae.g_00031
OG0000057	Prar.g_00170, Prar.g_01569	Prae.g_00160
OG0000058	Prar.g_00431	Prae.g_00370
OG0000059	Prar.g_01369	Prae.g_00514
OG0000060	Prar.g_01612	Prae.g_00724
OG0000061	Prar.g_01644	Prae.g_00758
OG0000062	Prar.g_01706	Prae.g_00828
OG0000065	Prar.g_00090	Prae.g_00240
OG0000066	Prar.g_00525	Prae.g_00449
OG0000067	Prar.g_01528	Prae.g_00672
OG0000068	Prar.g_01628	Prae.g_00740
OG0000069	Prar.g_01298	Prae.g_01128
OG0000070	Prar.g_01904	Prae.g_01040
OG0000071	Prar.g_01003	Prae.g_01263
OG0000072	Prar.g_00955	Prae.g_01329
OG0000074	Prar.g_00880	Prae.g_01389
OG0000075	Prar.g_01027	Prae.g_01758
OG0000077	Prar.g_00027	Prae.g_00011
OG0000078	Prar.g_00265	Prae.g_00323
OG0000079	Prar.g_00444	Prae.g_00382
OG0000080	Prar.g_01499	Prae.g_00643
OG0000081	Prar.g_01521	Prae.g_00665
OG0000082	Prar.g_01691	Prae.g_00813
OG0000083	Prar.g_01755	Prae.g_00876
OG0000084	Prar.g_01833	Prae.g_00964
OG0000085	Prar.g_01953	Prae.g_01090
OG0000086	Prar.g_01296	Prae.g_01130
OG0000088	Prar.g_00998	Prae.g_01269
OG0000089	Prar.g_00997	Prae.g_01272
OG0000090	Prar.g_00872	Prae.g_01390
OG0000091	Prar.g_00839	Prae.g_01467
OG0000092	Prar.g_01166	Prae.g_01588
OG0000093	Prar.g_01090	Prae.g_01710
OG0000094	Prar.g_01030	Prae.g_01755
OG0000095	Prar.g_00627	Prae.g_01789
OG0000096	Prar.g_00696	Prae.g_01859
OG0000097	Prar.g_00072	Prae.g_01877
OG0000098	Prar.g_00035	Prae.g_00003
OG0000099	Prar.g_00015	Prae.g_00023
OG0000100	Prar.g_00581	Prae.g_00041
OG0000101	Prar.g_00570	Prae.g_00051
OG0000102	Prar.g_00215	Prae.g_00112
OG0000103	Prar.g_00207	Prae.g_00121
OG0000104	Prar.g_00189	Prae.g_00139
OG0000105	Prar.g_00157	Prae.g_00173
OG0000106	Prar.g_00143	Prae.g_00187
OG0000107	Prar.g_00135	Prae.g_00195
OG0000108	Prar.g_00125	Prae.g_00205
OG0000109	Prar.g_00088	Prae.g_00242
OG0000110	Prar.g_00076	Prae.g_00254
OG0000111	Prar.g_00313	Prae.g_01440
OG0000112	Prar.g_00303	Prae.g_00285
OG0000113	Prar.g_00290	Prae.g_00298
OG0000114	Prar.g_00262	Prae.g_00326
OG0000115	Prar.g_00524	Prae.g_00448
OG0000116	Prar.g_00526	Prae.g_00450
OG0000117	Prar.g_00530	Prae.g_00454
OG0000118	Prar.g_01330	Prae.g_00473
OG0000119	Prar.g_01362	Prae.g_00506
OG0000120	Prar.g_01363	Prae.g_00508
OG0000121	Prar.g_01373	Prae.g_00518
OG0000122	Prar.g_01382	Prae.g_00527
OG0000123	Prar.g_01413	Prae.g_00558
OG0000124	Prar.g_01481	Prae.g_00625
OG0000125	Prar.g_01482	Prae.g_00626
OG0000126	Prar.g_01483	Prae.g_00627
OG0000127	Prar.g_01516	Prae.g_00660
OG0000128	Prar.g_01601	Prae.g_00713
OG0000129	Prar.g_01621	Prae.g_00733
OG0000130	Prar.g_01668	Prae.g_00791
OG0000131	Prar.g_01682	Prae.g_00804
OG0000132	Prar.g_01717	Prae.g_00839
OG0000133	Prar.g_01792	Prae.g_00924
OG0000134	Prar.g_01801	Prae.g_00933
OG0000135	Prar.g_01837	Prae.g_00968
OG0000136	Prar.g_01901	Prae.g_01037
OG0000137	Prar.g_01293	Prae.g_01133
OG0000138	Prar.g_01268	Prae.g_01158
OG0000139	Prar.g_01257	Prae.g_01169
OG0000140	Prar.g_01206	Prae.g_01220
OG0000141	Prar.g_00376	Prae.g_01434
OG0000142	Prar.g_00943	Prae.g_01341
OG0000143	Prar.g_00911	Prae.g_01368
OG0000144	Prar.g_00352	Prae.g_01446
OG0000145	Prar.g_00338	Prae.g_01460
OG0000146	Prar.g_00810	Prae.g_01496
OG0000147	Prar.g_00770	Prae.g_01536
OG0000148	Prar.g_00769	Prae.g_01537
OG0000149	Prar.g_01145	Prae.g_01621
OG0000150	Prar.g_01959	Prae.g_01659
OG0000151	Prar.g_01956, Prar.g_00595	Prae.g_01662
OG0000152	Prar.g_01119	Prae.g_01681
OG0000153	Prar.g_01068	Prae.g_01717
OG0000154	Prar.g_01032	Prae.g_01753
OG0000155	Prar.g_01015	Prae.g_01772
OG0000156	Prar.g_00638	Prae.g_01800
OG0000157	Prar.g_00669	Prae.g_01832
OG0000158	Prar.g_00055	Prae.g_01894
OG0000160	Prar.g_00037	Prae.g_00001
OG0000161	Prar.g_00036	Prae.g_00002
OG0000162	Prar.g_00034	Prae.g_00004
OG0000163	Prar.g_00033	Prae.g_00005
OG0000164	Prar.g_00032	Prae.g_00006
OG0000165	Prar.g_00031	Prae.g_00007
OG0000166	Prar.g_00030	Prae.g_00008
OG0000167	Prar.g_00029	Prae.g_00009
OG0000168	Prar.g_00028	Prae.g_00010
OG0000169	Prar.g_00026	Prae.g_00012
OG0000170	Prar.g_00024	Prae.g_00014
OG0000171	Prar.g_00023	Prae.g_00015
OG0000172	Prar.g_00022	Prae.g_00016
OG0000173	Prar.g_00021	Prae.g_00017
OG0000174	Prar.g_00020	Prae.g_00018
OG0000175	Prar.g_00019	Prae.g_00019
OG0000176	Prar.g_00018	Prae.g_00020
OG0000177	Prar.g_00017	Prae.g_00021
OG0000178	Prar.g_00016	Prae.g_00022
OG0000179	Prar.g_00014	Prae.g_00024
OG0000180	Prar.g_00013	Prae.g_00025
OG0000181	Prar.g_00012	Prae.g_00026
OG0000182	Prar.g_00011	Prae.g_00027
OG0000183	Prar.g_00010	Prae.g_00028
OG0000184	Prar.g_00009	Prae.g_00029
OG0000185	Prar.g_00006	Prae.g_00032
OG0000186	Prar.g_00002	Prae.g_00035
OG0000187	Prar.g_00001	Prae.g_00036
OG0000188	Prar.g_00594	Prae.g_00037
OG0000189	Prar.g_00580	Prae.g_00042
OG0000190	Prar.g_00578	Prae.g_00044
OG0000191	Prar.g_00577	Prae.g_00045
OG0000192	Prar.g_00576	Prae.g_00046
OG0000193	Prar.g_00574	Prae.g_00047
OG0000194	Prar.g_00573	Prae.g_00048
OG0000195	Prar.g_00572	Prae.g_00049
OG0000196	Prar.g_00571	Prae.g_00050
OG0000197	Prar.g_00569	Prae.g_00052
OG0000198	Prar.g_00568	Prae.g_00053
OG0000199	Prar.g_00567	Prae.g_00054
OG0000200	Prar.g_00554	Prae.g_00064
OG0000201	Prar.g_00553	Prae.g_00065
OG0000202	Prar.g_00552	Prae.g_00066
OG0000203	Prar.g_00549	Prae.g_00069
OG0000204	Prar.g_00548	Prae.g_00070
OG0000205	Prar.g_00255	Prae.g_00073
OG0000206	Prar.g_00253	Prae.g_00075
OG0000207	Prar.g_00251	Prae.g_00077
OG0000208	Prar.g_00250	Prae.g_00078
OG0000209	Prar.g_00249	Prae.g_00079
OG0000210	Prar.g_00248	Prae.g_00080
OG0000211	Prar.g_00247	Prae.g_00081
OG0000212	Prar.g_00246	Prae.g_00082
OG0000213	Prar.g_00245	Prae.g_00083
OG0000214	Prar.g_00244	Prae.g_00084
OG0000215	Prar.g_00243	Prae.g_00085
OG0000216	Prar.g_00242	Prae.g_00086
OG0000217	Prar.g_00240	Prae.g_00088
OG0000218	Prar.g_00239	Prae.g_00089
OG0000219	Prar.g_00238	Prae.g_00090
OG0000220	Prar.g_00237	Prae.g_00091
OG0000221	Prar.g_00234	Prae.g_00094
OG0000222	Prar.g_00233	Prae.g_00095
OG0000223	Prar.g_00232	Prae.g_00096
OG0000224	Prar.g_00231	Prae.g_00097
OG0000225	Prar.g_00230	Prae.g_00098
OG0000226	Prar.g_00229	Prae.g_00099
OG0000227	Prar.g_00228	Prae.g_00100
OG0000228	Prar.g_00227	Prae.g_00101
OG0000229	Prar.g_00226	Prae.g_00102
OG0000230	Prar.g_00225	Prae.g_00103
OG0000231	Prar.g_00224	Prae.g_00104
OG0000232	Prar.g_00222	Prae.g_00105
OG0000233	Prar.g_00221	Prae.g_00106
OG0000234	Prar.g_00220	Prae.g_00107
OG0000235	Prar.g_00219	Prae.g_00108
OG0000236	Prar.g_00218	Prae.g_00109
OG0000237	Prar.g_00217	Prae.g_00110
OG0000238	Prar.g_00216	Prae.g_00111
OG0000239	Prar.g_00214	Prae.g_00113
OG0000240	Prar.g_00213	Prae.g_00115
OG0000241	Prar.g_00212	Prae.g_00116
OG0000242	Prar.g_00211	Prae.g_00117
OG0000243	Prar.g_00208	Prae.g_00120
OG0000244	Prar.g_00206	Prae.g_00122
OG0000245	Prar.g_00205	Prae.g_00123
OG0000246	Prar.g_00204	Prae.g_00124
OG0000247	Prar.g_00201	Prae.g_00127
OG0000248	Prar.g_00199	Prae.g_00129
OG0000249	Prar.g_00198	Prae.g_00130
OG0000250	Prar.g_00197	Prae.g_00131
OG0000251	Prar.g_00196	Prae.g_00132
OG0000252	Prar.g_00195	Prae.g_00133
OG0000253	Prar.g_00194	Prae.g_00134
OG0000254	Prar.g_00192	Prae.g_00136
OG0000255	Prar.g_00191	Prae.g_00137
OG0000256	Prar.g_00188	Prae.g_00140
OG0000257	Prar.g_00186	Prae.g_00142
OG0000258	Prar.g_00182	Prae.g_00148
OG0000259	Prar.g_00181	Prae.g_00149
OG0000260	Prar.g_00180	Prae.g_00150
OG0000261	Prar.g_00179	Prae.g_00151
OG0000262	Prar.g_00178	Prae.g_00152
OG0000263	Prar.g_00176	Prae.g_00154
OG0000264	Prar.g_00175	Prae.g_00155
OG0000265	Prar.g_00174	Prae.g_00156
OG0000266	Prar.g_00173	Prae.g_00157
OG0000267	Prar.g_00172	Prae.g_00158
OG0000268	Prar.g_00171	Prae.g_00159
OG0000269	Prar.g_00169	Prae.g_00161
OG0000270	Prar.g_00168	Prae.g_00162
OG0000271	Prar.g_00167	Prae.g_00163
OG0000272	Prar.g_00166	Prae.g_00164
OG0000273	Prar.g_00165	Prae.g_00165
OG0000274	Prar.g_00164	Prae.g_00166
OG0000275	Prar.g_00163	Prae.g_00167
OG0000276	Prar.g_00162	Prae.g_00168
OG0000277	Prar.g_00160	Prae.g_00170
OG0000278	Prar.g_00159	Prae.g_00171
OG0000279	Prar.g_00158	Prae.g_00172
OG0000280	Prar.g_00156	Prae.g_00174
OG0000281	Prar.g_00154	Prae.g_00176
OG0000282	Prar.g_00153	Prae.g_00177
OG0000283	Prar.g_00152	Prae.g_00178
OG0000284	Prar.g_00151	Prae.g_00179
OG0000285	Prar.g_00150	Prae.g_00180
OG0000286	Prar.g_00149	Prae.g_00181
OG0000287	Prar.g_00148	Prae.g_00182
OG0000288	Prar.g_00146	Prae.g_00184
OG0000289	Prar.g_00145	Prae.g_00185
OG0000290	Prar.g_00144	Prae.g_00186
OG0000291	Prar.g_00142	Prae.g_00188
OG0000292	Prar.g_00141	Prae.g_00189
OG0000293	Prar.g_00140	Prae.g_00190
OG0000294	Prar.g_00139	Prae.g_00191
OG0000295	Prar.g_00138	Prae.g_00192
OG0000296	Prar.g_00137	Prae.g_00193
OG0000297	Prar.g_00136	Prae.g_00194
OG0000298	Prar.g_00134	Prae.g_00196
OG0000299	Prar.g_00133	Prae.g_00197
OG0000300	Prar.g_00132	Prae.g_00198
OG0000301	Prar.g_00131	Prae.g_00199
OG0000302	Prar.g_00130	Prae.g_00200
OG0000303	Prar.g_00129	Prae.g_00201
OG0000304	Prar.g_00127	Prae.g_00203
OG0000305	Prar.g_00126	Prae.g_00204
OG0000306	Prar.g_00123	Prae.g_00207
OG0000307	Prar.g_00122	Prae.g_00208
OG0000308	Prar.g_00121	Prae.g_00209
OG0000309	Prar.g_00120	Prae.g_00210
OG0000310	Prar.g_00119	Prae.g_00211
OG0000311	Prar.g_00118	Prae.g_00212
OG0000312	Prar.g_00117	Prae.g_00213
OG0000313	Prar.g_00116	Prae.g_00214
OG0000314	Prar.g_00115	Prae.g_00215
OG0000315	Prar.g_00114	Prae.g_00216
OG0000316	Prar.g_00113	Prae.g_00217
OG0000317	Prar.g_00112	Prae.g_00218
OG0000318	Prar.g_00111	Prae.g_00219
OG0000319	Prar.g_00110	Prae.g_00220
OG0000320	Prar.g_00109	Prae.g_00221
OG0000321	Prar.g_00108	Prae.g_00222
OG0000322	Prar.g_00107	Prae.g_00223
OG0000323	Prar.g_00106	Prae.g_00224
OG0000324	Prar.g_00105	Prae.g_00225
OG0000325	Prar.g_00104	Prae.g_00226
OG0000326	Prar.g_00103	Prae.g_00227
OG0000327	Prar.g_00102	Prae.g_00228
OG0000328	Prar.g_00101	Prae.g_00229
OG0000329	Prar.g_00100	Prae.g_00230
OG0000330	Prar.g_00099	Prae.g_00231
OG0000331	Prar.g_00098	Prae.g_00232
OG0000332	Prar.g_00097	Prae.g_00233
OG0000333	Prar.g_00096	Prae.g_00234
OG0000334	Prar.g_00095	Prae.g_00235
OG0000335	Prar.g_00094	Prae.g_00236
OG0000336	Prar.g_00092	Prae.g_00238
OG0000337	Prar.g_00091	Prae.g_00239
OG0000338	Prar.g_00087	Prae.g_00243
OG0000339	Prar.g_00085	Prae.g_00245
OG0000340	Prar.g_00083	Prae.g_00247
OG0000341	Prar.g_00082	Prae.g_00248
OG0000342	Prar.g_00081	Prae.g_00249
OG0000343	Prar.g_00080	Prae.g_00250
OG0000344	Prar.g_00077	Prae.g_00253
OG0000345	Prar.g_00334	Prae.g_00256
OG0000346	Prar.g_00333	Prae.g_00257
OG0000347	Prar.g_00330	Prae.g_00260
OG0000348	Prar.g_00328	Prae.g_00262
OG0000349	Prar.g_00327	Prae.g_00263
OG0000350	Prar.g_00325	Prae.g_00265
OG0000351	Prar.g_00324	Prae.g_00266
OG0000352	Prar.g_00323	Prae.g_00267
OG0000353	Prar.g_00322	Prae.g_00268
OG0000354	Prar.g_00321	Prae.g_00269
OG0000355	Prar.g_00320	Prae.g_00270
OG0000356	Prar.g_00319	Prae.g_00271
OG0000357	Prar.g_00318	Prae.g_00272
OG0000358	Prar.g_00317	Prae.g_00273
OG0000359	Prar.g_00316	Prae.g_00274
OG0000360	Prar.g_00312	Prae.g_00276
OG0000361	Prar.g_00311	Prae.g_00277
OG0000362	Prar.g_00310	Prae.g_00278
OG0000363	Prar.g_00309	Prae.g_00279
OG0000364	Prar.g_00305	Prae.g_00283
OG0000365	Prar.g_00304	Prae.g_00284
OG0000366	Prar.g_00302	Prae.g_00286
OG0000367	Prar.g_00301	Prae.g_00287
OG0000368	Prar.g_00300	Prae.g_00288
OG0000369	Prar.g_00299	Prae.g_00289
OG0000370	Prar.g_00298	Prae.g_00290
OG0000371	Prar.g_00297	Prae.g_00291
OG0000372	Prar.g_00296	Prae.g_00292
OG0000373	Prar.g_00295	Prae.g_00293
OG0000374	Prar.g_00293	Prae.g_00295
OG0000375	Prar.g_00292	Prae.g_00296
OG0000376	Prar.g_00289	Prae.g_00299
OG0000377	Prar.g_00288	Prae.g_00300
OG0000378	Prar.g_00287	Prae.g_00301
OG0000379	Prar.g_00286	Prae.g_00302
OG0000380	Prar.g_00285	Prae.g_00303
OG0000381	Prar.g_00284	Prae.g_00304
OG0000382	Prar.g_00283	Prae.g_00305
OG0000383	Prar.g_00282	Prae.g_00306
OG0000384	Prar.g_00279	Prae.g_00309
OG0000385	Prar.g_00278	Prae.g_00310
OG0000386	Prar.g_00277	Prae.g_00311
OG0000387	Prar.g_00276	Prae.g_00312
OG0000388	Prar.g_00275	Prae.g_00313
OG0000389	Prar.g_00274	Prae.g_00314
OG0000390	Prar.g_00273	Prae.g_00315
OG0000391	Prar.g_00272	Prae.g_00316
OG0000392	Prar.g_00271	Prae.g_00317
OG0000393	Prar.g_00270	Prae.g_00318
OG0000394	Prar.g_00269	Prae.g_00319
OG0000395	Prar.g_00268	Prae.g_00320
OG0000396	Prar.g_00266	Prae.g_00322
OG0000397	Prar.g_00264	Prae.g_00324
OG0000398	Prar.g_00263	Prae.g_00325
OG0000399	Prar.g_00260	Prae.g_00328
OG0000400	Prar.g_00259	Prae.g_00329
OG0000401	Prar.g_00258	Prae.g_00330
OG0000402	Prar.g_00394	Prae.g_00335
OG0000403	Prar.g_00395	Prae.g_00336
OG0000404	Prar.g_00396	Prae.g_00337
OG0000405	Prar.g_00398	Prae.g_00338
OG0000406	Prar.g_00401	Prae.g_00341
OG0000407	Prar.g_00402	Prae.g_00342
OG0000408	Prar.g_00405	Prae.g_00344
OG0000409	Prar.g_00406	Prae.g_00345
OG0000410	Prar.g_00407	Prae.g_00346
OG0000411	Prar.g_00408	Prae.g_00347
OG0000412	Prar.g_00409	Prae.g_00348
OG0000413	Prar.g_00410	Prae.g_00349
OG0000414	Prar.g_00411	Prae.g_00350
OG0000415	Prar.g_00412	Prae.g_00351
OG0000416	Prar.g_00415	Prae.g_00354
OG0000417	Prar.g_00416	Prae.g_00355
OG0000418	Prar.g_00417	Prae.g_00356
OG0000419	Prar.g_00418	Prae.g_00357
OG0000420	Prar.g_00419	Prae.g_00358
OG0000421	Prar.g_00432	Prae.g_00371
OG0000422	Prar.g_00440	Prae.g_00379
OG0000423	Prar.g_00441	Prae.g_00380
OG0000424	Prar.g_00446	Prae.g_00385
OG0000425	Prar.g_00479	Prae.g_00405
OG0000426	Prar.g_00480	Prae.g_00406
OG0000427	Prar.g_00481	Prae.g_00407
OG0000428	Prar.g_00483	Prae.g_00409
OG0000429	Prar.g_00484	Prae.g_00410
OG0000430	Prar.g_00486	Prae.g_00412
OG0000431	Prar.g_00487	Prae.g_00413
OG0000432	Prar.g_00488	Prae.g_00414
OG0000433	Prar.g_00489	Prae.g_00415
OG0000434	Prar.g_00490	Prae.g_00416
OG0000435	Prar.g_00491	Prae.g_00417
OG0000436	Prar.g_00492	Prae.g_00418
OG0000437	Prar.g_00493	Prae.g_00419
OG0000438	Prar.g_00494	Prae.g_00420
OG0000439	Prar.g_00495	Prae.g_00421
OG0000440	Prar.g_00496	Prae.g_00422
OG0000441	Prar.g_00497	Prae.g_00423
OG0000442	Prar.g_00498	Prae.g_00424
OG0000443	Prar.g_00499	Prae.g_00425
OG0000444	Prar.g_00500	Prae.g_00426
OG0000445	Prar.g_00501	Prae.g_00427
OG0000446	Prar.g_00503	Prae.g_00429
OG0000447	Prar.g_00504	Prae.g_00430
OG0000448	Prar.g_00506	Prae.g_00432
OG0000449	Prar.g_00510	Prae.g_00435
OG0000450	Prar.g_00511	Prae.g_00436
OG0000451	Prar.g_00512	Prae.g_00437
OG0000452	Prar.g_00513	Prae.g_00438
OG0000453	Prar.g_00514	Prae.g_00439
OG0000454	Prar.g_00521	Prae.g_00445
OG0000455	Prar.g_00523	Prae.g_00447
OG0000456	Prar.g_00527	Prae.g_00451
OG0000457	Prar.g_00528	Prae.g_00452
OG0000458	Prar.g_00529	Prae.g_00453
OG0000459	Prar.g_00531	Prae.g_00455
OG0000460	Prar.g_00533	Prae.g_00457
OG0000461	Prar.g_00534	Prae.g_00458
OG0000462	Prar.g_00535	Prae.g_00459
OG0000463	Prar.g_00537	Prae.g_00461
OG0000464	Prar.g_00538	Prae.g_00462
OG0000465	Prar.g_00539	Prae.g_00463
OG0000466	Prar.g_00540	Prae.g_00464
OG0000467	Prar.g_00541	Prae.g_00465
OG0000468	Prar.g_00542	Prae.g_00466
OG0000469	Prar.g_00543	Prae.g_00467
OG0000470	Prar.g_00544	Prae.g_00468
OG0000471	Prar.g_00545	Prae.g_00469
OG0000472	Prar.g_01331	Prae.g_00474
OG0000473	Prar.g_01332	Prae.g_00475
OG0000474	Prar.g_01333	Prae.g_00476
OG0000475	Prar.g_01334	Prae.g_00477
OG0000476	Prar.g_01336	Prae.g_00479
OG0000477	Prar.g_01337	Prae.g_00480
OG0000478	Prar.g_01338	Prae.g_00481
OG0000479	Prar.g_01339	Prae.g_00482
OG0000480	Prar.g_01341	Prae.g_00484
OG0000481	Prar.g_01343	Prae.g_00486
OG0000482	Prar.g_01344	Prae.g_00487
OG0000483	Prar.g_01345	Prae.g_00489
OG0000484	Prar.g_01346	Prae.g_00490
OG0000485	Prar.g_01347	Prae.g_00491
OG0000486	Prar.g_01348	Prae.g_00492
OG0000487	Prar.g_01353	Prae.g_00497
OG0000488	Prar.g_01355	Prae.g_00499
OG0000489	Prar.g_01356	Prae.g_00500
OG0000490	Prar.g_01357	Prae.g_00501
OG0000491	Prar.g_01358	Prae.g_00502
OG0000492	Prar.g_01359	Prae.g_00503
OG0000493	Prar.g_01360	Prae.g_00504
OG0000494	Prar.g_01361	Prae.g_00505
OG0000495	Prar.g_01364	Prae.g_00509
OG0000496	Prar.g_01365	Prae.g_00510
OG0000497	Prar.g_01366	Prae.g_00511
OG0000498	Prar.g_01367	Prae.g_00512
OG0000499	Prar.g_01368	Prae.g_00513
OG0000500	Prar.g_01370	Prae.g_00515
OG0000501	Prar.g_01371	Prae.g_00516
OG0000502	Prar.g_01372	Prae.g_00517
OG0000503	Prar.g_01374	Prae.g_00519
OG0000504	Prar.g_01375	Prae.g_00520
OG0000505	Prar.g_01376	Prae.g_00521
OG0000506	Prar.g_01377	Prae.g_00522
OG0000507	Prar.g_01378	Prae.g_00523
OG0000508	Prar.g_01379	Prae.g_00524
OG0000509	Prar.g_01380	Prae.g_00525
OG0000510	Prar.g_01381	Prae.g_00526
OG0000511	Prar.g_01383	Prae.g_00528
OG0000512	Prar.g_01384	Prae.g_00529
OG0000513	Prar.g_01385	Prae.g_00530
OG0000514	Prar.g_01386	Prae.g_00531
OG0000515	Prar.g_01387	Prae.g_00532
OG0000516	Prar.g_01388	Prae.g_00533
OG0000517	Prar.g_01390	Prae.g_00535
OG0000518	Prar.g_01391	Prae.g_00536
OG0000519	Prar.g_01392	Prae.g_00537
OG0000520	Prar.g_01393	Prae.g_00538
OG0000521	Prar.g_01394	Prae.g_00539
OG0000522	Prar.g_01395	Prae.g_00540
OG0000523	Prar.g_01396	Prae.g_00541
OG0000524	Prar.g_01397	Prae.g_00542
OG0000525	Prar.g_01398	Prae.g_00543
OG0000526	Prar.g_01399	Prae.g_00544
OG0000527	Prar.g_01400	Prae.g_00545
OG0000528	Prar.g_01401	Prae.g_00546
OG0000529	Prar.g_01402	Prae.g_00547
OG0000530	Prar.g_01403	Prae.g_00548
OG0000531	Prar.g_01404	Prae.g_00549
OG0000532	Prar.g_01405	Prae.g_00550
OG0000533	Prar.g_01407	Prae.g_00552
OG0000534	Prar.g_01408	Prae.g_00553
OG0000535	Prar.g_01409	Prae.g_00554
OG0000536	Prar.g_01410	Prae.g_00555
OG0000537	Prar.g_01411	Prae.g_00556
OG0000538	Prar.g_01412	Prae.g_00557
OG0000539	Prar.g_01415	Prae.g_00560
OG0000540	Prar.g_01416	Prae.g_00561
OG0000541	Prar.g_01417	Prae.g_00562
OG0000542	Prar.g_01420	Prae.g_00565
OG0000543	Prar.g_01422	Prae.g_00566
OG0000544	Prar.g_01423	Prae.g_00567
OG0000545	Prar.g_01424	Prae.g_00568
OG0000546	Prar.g_01425	Prae.g_00569
OG0000547	Prar.g_01426	Prae.g_00570
OG0000548	Prar.g_01427	Prae.g_00571
OG0000549	Prar.g_01429	Prae.g_00573
OG0000550	Prar.g_01430	Prae.g_00574
OG0000551	Prar.g_01431	Prae.g_00575
OG0000552	Prar.g_01432	Prae.g_00576
OG0000553	Prar.g_01433	Prae.g_00577
OG0000554	Prar.g_01434	Prae.g_00578
OG0000555	Prar.g_01435	Prae.g_00579
OG0000556	Prar.g_01436	Prae.g_00580
OG0000557	Prar.g_01437	Prae.g_00581
OG0000558	Prar.g_01438	Prae.g_00582
OG0000559	Prar.g_01439	Prae.g_00583
OG0000560	Prar.g_01440	Prae.g_00584
OG0000561	Prar.g_01441	Prae.g_00585
OG0000562	Prar.g_01442	Prae.g_00586
OG0000563	Prar.g_01443	Prae.g_00587
OG0000564	Prar.g_01444	Prae.g_00588
OG0000565	Prar.g_01445	Prae.g_00589
OG0000566	Prar.g_01446	Prae.g_00590
OG0000567	Prar.g_01447	Prae.g_00591
OG0000568	Prar.g_01448	Prae.g_00592
OG0000569	Prar.g_01451	Prae.g_00595
OG0000570	Prar.g_01452	Prae.g_00596
OG0000571	Prar.g_01454	Prae.g_00598
OG0000572	Prar.g_01455	Prae.g_00599
OG0000573	Prar.g_01456	Prae.g_00600
OG0000574	Prar.g_01457	Prae.g_00601
OG0000575	Prar.g_01458	Prae.g_00602
OG0000576	Prar.g_01459	Prae.g_00603
OG0000577	Prar.g_01460	Prae.g_00604
OG0000578	Prar.g_01461	Prae.g_00605
OG0000579	Prar.g_01462	Prae.g_00606
OG0000580	Prar.g_01463	Prae.g_00607
OG0000581	Prar.g_01464	Prae.g_00608
OG0000582	Prar.g_01465	Prae.g_00609
OG0000583	Prar.g_01466	Prae.g_00610
OG0000584	Prar.g_01468	Prae.g_00612
OG0000585	Prar.g_01469	Prae.g_00613
OG0000586	Prar.g_01470	Prae.g_00614
OG0000587	Prar.g_01471	Prae.g_00615
OG0000588	Prar.g_01472	Prae.g_00616
OG0000589	Prar.g_01473	Prae.g_00617
OG0000590	Prar.g_01474	Prae.g_00618
OG0000591	Prar.g_01475	Prae.g_00619
OG0000592	Prar.g_01476	Prae.g_00620
OG0000593	Prar.g_01477	Prae.g_00621
OG0000594	Prar.g_01478	Prae.g_00622
OG0000595	Prar.g_01479	Prae.g_00623
OG0000596	Prar.g_01480	Prae.g_00624
OG0000597	Prar.g_01484	Prae.g_00628
OG0000598	Prar.g_01485	Prae.g_00629
OG0000599	Prar.g_01486	Prae.g_00630
OG0000600	Prar.g_01487	Prae.g_00631
OG0000601	Prar.g_01488	Prae.g_00632
OG0000602	Prar.g_01489	Prae.g_00633
OG0000603	Prar.g_01490	Prae.g_00634
OG0000604	Prar.g_01491	Prae.g_00635
OG0000605	Prar.g_01492	Prae.g_00636
OG0000606	Prar.g_01493	Prae.g_00637
OG0000607	Prar.g_01494	Prae.g_00638
OG0000608	Prar.g_01495	Prae.g_00639
OG0000609	Prar.g_01497	Prae.g_00641
OG0000610	Prar.g_01498	Prae.g_00642
OG0000611	Prar.g_01500	Prae.g_00644
OG0000612	Prar.g_01501	Prae.g_00645
OG0000613	Prar.g_01503	Prae.g_00647
OG0000614	Prar.g_01509	Prae.g_00653
OG0000615	Prar.g_01510	Prae.g_00654
OG0000616	Prar.g_01511	Prae.g_00655
OG0000617	Prar.g_01513	Prae.g_00657
OG0000618	Prar.g_01514	Prae.g_00658
OG0000619	Prar.g_01515	Prae.g_00659
OG0000620	Prar.g_01517	Prae.g_00661
OG0000621	Prar.g_01518	Prae.g_00662
OG0000622	Prar.g_01519	Prae.g_00663
OG0000623	Prar.g_01520	Prae.g_00664
OG0000624	Prar.g_01522	Prae.g_00666
OG0000625	Prar.g_01523	Prae.g_00667
OG0000626	Prar.g_01524	Prae.g_00668
OG0000627	Prar.g_01525	Prae.g_00669
OG0000628	Prar.g_01526	Prae.g_00670
OG0000629	Prar.g_01527	Prae.g_00671
OG0000630	Prar.g_01529	Prae.g_00673
OG0000631	Prar.g_01530	Prae.g_00674
OG0000632	Prar.g_01534	Prae.g_00678
OG0000633	Prar.g_01535	Prae.g_00679
OG0000634	Prar.g_01600	Prae.g_00712
OG0000635	Prar.g_01602	Prae.g_00714
OG0000636	Prar.g_01603	Prae.g_00715
OG0000637	Prar.g_01605	Prae.g_00717
OG0000638	Prar.g_01606	Prae.g_00718
OG0000639	Prar.g_01607	Prae.g_00719
OG0000640	Prar.g_01608	Prae.g_00720
OG0000641	Prar.g_01609	Prae.g_00721
OG0000642	Prar.g_01610	Prae.g_00722
OG0000643	Prar.g_01611	Prae.g_00723
OG0000644	Prar.g_01613	Prae.g_00725
OG0000645	Prar.g_01614	Prae.g_00726
OG0000646	Prar.g_01615	Prae.g_00727
OG0000647	Prar.g_01616	Prae.g_00728
OG0000648	Prar.g_01617	Prae.g_00729
OG0000649	Prar.g_01618	Prae.g_00730
OG0000650	Prar.g_01619	Prae.g_00731
OG0000651	Prar.g_01620	Prae.g_00732
OG0000652	Prar.g_01622	Prae.g_00734
OG0000653	Prar.g_01636	Prae.g_00750
OG0000654	Prar.g_01638	Prae.g_00752
OG0000655	Prar.g_01646	Prae.g_00761
OG0000656	Prar.g_01651	Prae.g_00766
OG0000657	Prar.g_01652	Prae.g_00770
OG0000658	Prar.g_01653	Prae.g_00771
OG0000659	Prar.g_01654	Prae.g_00772
OG0000660	Prar.g_01661	Prae.g_00784
OG0000661	Prar.g_01670	Prae.g_00793
OG0000662	Prar.g_01672	Prae.g_00794
OG0000663	Prar.g_01675	Prae.g_00797
OG0000664	Prar.g_01676	Prae.g_00798
OG0000665	Prar.g_01677	Prae.g_00799
OG0000666	Prar.g_01678	Prae.g_00800
OG0000667	Prar.g_01679	Prae.g_00801
OG0000668	Prar.g_01680	Prae.g_00802
OG0000669	Prar.g_01681	Prae.g_00803
OG0000670	Prar.g_01683	Prae.g_00805
OG0000671	Prar.g_01684	Prae.g_00806
OG0000672	Prar.g_01685	Prae.g_00807
OG0000673	Prar.g_01686	Prae.g_00808
OG0000674	Prar.g_01687	Prae.g_00809
OG0000675	Prar.g_01688	Prae.g_00810
OG0000676	Prar.g_01690	Prae.g_00812
OG0000677	Prar.g_01692	Prae.g_00814
OG0000678	Prar.g_01693	Prae.g_00815
OG0000679	Prar.g_01694	Prae.g_00816
OG0000680	Prar.g_01695	Prae.g_00817
OG0000681	Prar.g_01696	Prae.g_00818
OG0000682	Prar.g_01697	Prae.g_00819
OG0000683	Prar.g_01698	Prae.g_00820
OG0000684	Prar.g_01699	Prae.g_00821
OG0000685	Prar.g_01700	Prae.g_00822
OG0000686	Prar.g_01701	Prae.g_00823
OG0000687	Prar.g_01702	Prae.g_00824
OG0000688	Prar.g_01703	Prae.g_00825
OG0000689	Prar.g_01704	Prae.g_00826
OG0000690	Prar.g_01705	Prae.g_00827
OG0000691	Prar.g_01707	Prae.g_00829
OG0000692	Prar.g_01708	Prae.g_00830
OG0000693	Prar.g_01709	Prae.g_00831
OG0000694	Prar.g_01710	Prae.g_00832
OG0000695	Prar.g_01711	Prae.g_00833
OG0000696	Prar.g_01712	Prae.g_00834
OG0000697	Prar.g_01714	Prae.g_00836
OG0000698	Prar.g_01715	Prae.g_00837
OG0000699	Prar.g_01718	Prae.g_00840
OG0000700	Prar.g_01719	Prae.g_00841
OG0000701	Prar.g_01720	Prae.g_00842
OG0000702	Prar.g_01721	Prae.g_00843
OG0000703	Prar.g_01722	Prae.g_00844
OG0000704	Prar.g_01723	Prae.g_00845
OG0000705	Prar.g_01725	Prae.g_00847
OG0000706	Prar.g_01726	Prae.g_00848
OG0000707	Prar.g_01727	Prae.g_00849
OG0000708	Prar.g_01728	Prae.g_00850
OG0000709	Prar.g_01729	Prae.g_00851
OG0000710	Prar.g_01730	Prae.g_00852
OG0000711	Prar.g_01731	Prae.g_00853
OG0000712	Prar.g_01732	Prae.g_00854
OG0000713	Prar.g_01733	Prae.g_00855
OG0000714	Prar.g_01735	Prae.g_00857
OG0000715	Prar.g_01736	Prae.g_00858
OG0000716	Prar.g_01737	Prae.g_00859
OG0000717	Prar.g_01738	Prae.g_00860
OG0000718	Prar.g_01740	Prae.g_00861
OG0000719	Prar.g_01742	Prae.g_00863
OG0000720	Prar.g_01744	Prae.g_00865
OG0000721	Prar.g_01745	Prae.g_00866
OG0000722	Prar.g_01759	Prae.g_00892
OG0000723	Prar.g_01764	Prae.g_00897
OG0000724	Prar.g_01767	Prae.g_00900
OG0000725	Prar.g_01768	Prae.g_00901
OG0000726	Prar.g_01769	Prae.g_00902
OG0000727	Prar.g_01770	Prae.g_00903
OG0000728	Prar.g_01771	Prae.g_00904
OG0000729	Prar.g_01773	Prae.g_00905
OG0000730	Prar.g_01774	Prae.g_00906
OG0000731	Prar.g_01776	Prae.g_00908
OG0000732	Prar.g_01777	Prae.g_00909
OG0000733	Prar.g_01778	Prae.g_00910
OG0000734	Prar.g_01779	Prae.g_00911
OG0000735	Prar.g_01780	Prae.g_00912
OG0000736	Prar.g_01782	Prae.g_00914
OG0000737	Prar.g_01783	Prae.g_00915
OG0000738	Prar.g_01785	Prae.g_00917
OG0000739	Prar.g_01786	Prae.g_00918
OG0000740	Prar.g_01787	Prae.g_00919
OG0000741	Prar.g_01789	Prae.g_00921
OG0000742	Prar.g_01790	Prae.g_00922
OG0000743	Prar.g_01793	Prae.g_00925
OG0000744	Prar.g_01794	Prae.g_00926
OG0000745	Prar.g_01795	Prae.g_00927
OG0000746	Prar.g_01796	Prae.g_00928
OG0000747	Prar.g_01797	Prae.g_00929
OG0000748	Prar.g_01798	Prae.g_00930
OG0000749	Prar.g_01799	Prae.g_00931
OG0000750	Prar.g_01800	Prae.g_00932
OG0000751	Prar.g_01802	Prae.g_00934
OG0000752	Prar.g_01803	Prae.g_00935
OG0000753	Prar.g_01804	Prae.g_00936
OG0000754	Prar.g_01805	Prae.g_00937
OG0000755	Prar.g_01807	Prae.g_00938
OG0000756	Prar.g_01808	Prae.g_00939
OG0000757	Prar.g_01809	Prae.g_00940
OG0000758	Prar.g_01810	Prae.g_00941
OG0000759	Prar.g_01811	Prae.g_00942
OG0000760	Prar.g_01812	Prae.g_00943
OG0000761	Prar.g_01813	Prae.g_00944
OG0000762	Prar.g_01815	Prae.g_00946
OG0000763	Prar.g_01816	Prae.g_00947
OG0000764	Prar.g_01817	Prae.g_00948
OG0000765	Prar.g_01818	Prae.g_00949
OG0000766	Prar.g_01819	Prae.g_00950
OG0000767	Prar.g_01820	Prae.g_00951
OG0000768	Prar.g_01821	Prae.g_00952
OG0000769	Prar.g_01822	Prae.g_00953
OG0000770	Prar.g_01823	Prae.g_00954
OG0000771	Prar.g_01824	Prae.g_00955
OG0000772	Prar.g_01825	Prae.g_00956
OG0000773	Prar.g_01827	Prae.g_00958
OG0000774	Prar.g_01828	Prae.g_00959
OG0000775	Prar.g_01829	Prae.g_00960
OG0000776	Prar.g_01830	Prae.g_00961
OG0000777	Prar.g_01831	Prae.g_00962
OG0000778	Prar.g_01832	Prae.g_00963
OG0000779	Prar.g_01834	Prae.g_00965
OG0000780	Prar.g_01835	Prae.g_00966
OG0000781	Prar.g_01836	Prae.g_00967
OG0000782	Prar.g_01838	Prae.g_00969
OG0000783	Prar.g_01839	Prae.g_00970
OG0000784	Prar.g_01840	Prae.g_00971
OG0000785	Prar.g_01841	Prae.g_00972
OG0000786	Prar.g_01842	Prae.g_00973
OG0000787	Prar.g_01844	Prae.g_00975
OG0000788	Prar.g_01845	Prae.g_00976
OG0000789	Prar.g_01846	Prae.g_00977
OG0000790	Prar.g_01847	Prae.g_00978
OG0000791	Prar.g_01848	Prae.g_00979
OG0000792	Prar.g_01849	Prae.g_00980
OG0000793	Prar.g_01850	Prae.g_00981
OG0000794	Prar.g_01851	Prae.g_00982
OG0000795	Prar.g_01852	Prae.g_00983
OG0000796	Prar.g_01853	Prae.g_00985
OG0000797	Prar.g_01855	Prae.g_00987
OG0000798	Prar.g_01856	Prae.g_00988
OG0000799	Prar.g_01857	Prae.g_00989
OG0000800	Prar.g_01858	Prae.g_00990
OG0000801	Prar.g_01859	Prae.g_00991
OG0000802	Prar.g_01861	Prae.g_00993
OG0000803	Prar.g_01862	Prae.g_00994
OG0000804	Prar.g_01873	Prae.g_01009
OG0000805	Prar.g_01875	Prae.g_01011
OG0000806	Prar.g_01876	Prae.g_01012
OG0000807	Prar.g_01877	Prae.g_01013
OG0000808	Prar.g_01878	Prae.g_01014
OG0000809	Prar.g_01882	Prae.g_01018
OG0000810	Prar.g_01883	Prae.g_01019
OG0000811	Prar.g_01884	Prae.g_01020
OG0000812	Prar.g_01885	Prae.g_01021
OG0000813	Prar.g_01886	Prae.g_01022
OG0000814	Prar.g_01887	Prae.g_01023
OG0000815	Prar.g_01888	Prae.g_01024
OG0000816	Prar.g_01890	Prae.g_01026
OG0000817	Prar.g_01893	Prae.g_01029
OG0000818	Prar.g_01894	Prae.g_01030
OG0000819	Prar.g_01896	Prae.g_01032
OG0000820	Prar.g_01897	Prae.g_01033
OG0000821	Prar.g_01898	Prae.g_01034
OG0000822	Prar.g_01899	Prae.g_01035
OG0000823	Prar.g_01902	Prae.g_01038
OG0000824	Prar.g_01903	Prae.g_01039
OG0000825	Prar.g_01905	Prae.g_01041
OG0000826	Prar.g_01906	Prae.g_01042
OG0000827	Prar.g_01907	Prae.g_01043
OG0000828	Prar.g_01909	Prae.g_01045
OG0000829	Prar.g_01935	Prae.g_01072
OG0000830	Prar.g_01944	Prae.g_01081
OG0000831	Prar.g_01947	Prae.g_01084
OG0000832	Prar.g_01948	Prae.g_01085
OG0000833	Prar.g_01955	Prae.g_01092
OG0000834	Prar.g_01324	Prae.g_01096
OG0000835	Prar.g_01320	Prae.g_01100
OG0000836	Prar.g_01318	Prae.g_01102
OG0000837	Prar.g_01309	Prae.g_01115
OG0000838	Prar.g_01295	Prae.g_01131
OG0000839	Prar.g_01294	Prae.g_01132
OG0000840	Prar.g_01289	Prae.g_01137
OG0000841	Prar.g_01282	Prae.g_01144
OG0000842	Prar.g_01278	Prae.g_01148
OG0000843	Prar.g_01276	Prae.g_01150
OG0000844	Prar.g_01275	Prae.g_01151
OG0000845	Prar.g_01274	Prae.g_01152
OG0000846	Prar.g_01273	Prae.g_01153
OG0000847	Prar.g_01272	Prae.g_01154
OG0000848	Prar.g_01271	Prae.g_01155
OG0000849	Prar.g_01270	Prae.g_01156
OG0000850	Prar.g_01269	Prae.g_01157
OG0000851	Prar.g_01267	Prae.g_01159
OG0000852	Prar.g_01264	Prae.g_01162
OG0000853	Prar.g_01262	Prae.g_01164
OG0000854	Prar.g_01261	Prae.g_01165
OG0000855	Prar.g_01260	Prae.g_01166
OG0000856	Prar.g_01259	Prae.g_01167
OG0000857	Prar.g_01258	Prae.g_01168
OG0000858	Prar.g_01256	Prae.g_01170
OG0000859	Prar.g_01255	Prae.g_01171
OG0000860	Prar.g_01254	Prae.g_01172
OG0000861	Prar.g_01253	Prae.g_01173
OG0000862	Prar.g_01252	Prae.g_01174
OG0000863	Prar.g_01251	Prae.g_01175
OG0000864	Prar.g_01250	Prae.g_01176
OG0000865	Prar.g_01249	Prae.g_01177
OG0000866	Prar.g_01248	Prae.g_01178
OG0000867	Prar.g_01245	Prae.g_01181
OG0000868	Prar.g_01243	Prae.g_01183
OG0000869	Prar.g_01242	Prae.g_01184
OG0000870	Prar.g_01241	Prae.g_01185
OG0000871	Prar.g_01240	Prae.g_01186
OG0000872	Prar.g_01239	Prae.g_01187
OG0000873	Prar.g_01238	Prae.g_01188
OG0000874	Prar.g_01237	Prae.g_01189
OG0000875	Prar.g_01236	Prae.g_01190
OG0000876	Prar.g_01234	Prae.g_01192
OG0000877	Prar.g_01233	Prae.g_01193
OG0000878	Prar.g_01232	Prae.g_01194
OG0000879	Prar.g_01231	Prae.g_01195
OG0000880	Prar.g_01230	Prae.g_01196
OG0000881	Prar.g_01229	Prae.g_01197
OG0000882	Prar.g_01228	Prae.g_01198
OG0000883	Prar.g_01227	Prae.g_01199
OG0000884	Prar.g_01226	Prae.g_01200
OG0000885	Prar.g_01225	Prae.g_01201
OG0000886	Prar.g_01224	Prae.g_01202
OG0000887	Prar.g_01223	Prae.g_01203
OG0000888	Prar.g_01222	Prae.g_01204
OG0000889	Prar.g_01221	Prae.g_01205
OG0000890	Prar.g_01220	Prae.g_01206
OG0000891	Prar.g_01219	Prae.g_01207
OG0000892	Prar.g_01218	Prae.g_01208
OG0000893	Prar.g_01217	Prae.g_01209
OG0000894	Prar.g_01215	Prae.g_01211
OG0000895	Prar.g_01214	Prae.g_01212
OG0000896	Prar.g_01212	Prae.g_01214
OG0000897	Prar.g_01211	Prae.g_01215
OG0000898	Prar.g_01210	Prae.g_01216
OG0000899	Prar.g_01209	Prae.g_01217
OG0000900	Prar.g_01207	Prae.g_01219
OG0000901	Prar.g_00976	Prae.g_01293
OG0000902	Prar.g_00966	Prae.g_01317
OG0000903	Prar.g_00965	Prae.g_01318
OG0000904	Prar.g_00964	Prae.g_01319
OG0000905	Prar.g_00963	Prae.g_01320
OG0000906	Prar.g_00962	Prae.g_01321
OG0000907	Prar.g_00960	Prae.g_01324
OG0000908	Prar.g_00959	Prae.g_01325
OG0000909	Prar.g_00958	Prae.g_01326
OG0000910	Prar.g_00957	Prae.g_01327
OG0000911	Prar.g_00956	Prae.g_01328
OG0000912	Prar.g_00953	Prae.g_01331
OG0000913	Prar.g_00952	Prae.g_01332
OG0000914	Prar.g_00951	Prae.g_01333
OG0000915	Prar.g_00949	Prae.g_01335
OG0000916	Prar.g_00948	Prae.g_01336
OG0000917	Prar.g_00947	Prae.g_01337
OG0000918	Prar.g_00946	Prae.g_01338
OG0000919	Prar.g_00945	Prae.g_01339
OG0000920	Prar.g_00944	Prae.g_01340
OG0000921	Prar.g_00942	Prae.g_01342
OG0000922	Prar.g_00941	Prae.g_01343
OG0000923	Prar.g_00929	Prae.g_01350
OG0000924	Prar.g_00928	Prae.g_01351
OG0000925	Prar.g_00925	Prae.g_01354
OG0000926	Prar.g_00924	Prae.g_01355
OG0000927	Prar.g_00923	Prae.g_01356
OG0000928	Prar.g_00921	Prae.g_01358
OG0000929	Prar.g_00919	Prae.g_01360
OG0000930	Prar.g_00917	Prae.g_01362
OG0000931	Prar.g_00916	Prae.g_01363
OG0000932	Prar.g_00913	Prae.g_01366
OG0000933	Prar.g_00909	Prae.g_01370
OG0000934	Prar.g_00908	Prae.g_01371
OG0000935	Prar.g_00907	Prae.g_01372
OG0000936	Prar.g_00906	Prae.g_01373
OG0000937	Prar.g_00905	Prae.g_01374
OG0000938	Prar.g_00904	Prae.g_01375
OG0000939	Prar.g_00903	Prae.g_01376
OG0000940	Prar.g_00902	Prae.g_01377
OG0000941	Prar.g_00901	Prae.g_01378
OG0000942	Prar.g_00900	Prae.g_01379
OG0000943	Prar.g_00899	Prae.g_01380
OG0000944	Prar.g_00898	Prae.g_01381
OG0000945	Prar.g_00897	Prae.g_01382
OG0000946	Prar.g_00896	Prae.g_01383
OG0000947	Prar.g_00895	Prae.g_01384
OG0000948	Prar.g_00894	Prae.g_01385
OG0000949	Prar.g_00893	Prae.g_01386
OG0000950	Prar.g_00375	Prae.g_01426
OG0000951	Prar.g_00357	Prae.g_01441
OG0000952	Prar.g_00356	Prae.g_01442
OG0000953	Prar.g_00355	Prae.g_01443
OG0000954	Prar.g_00354	Prae.g_01444
OG0000955	Prar.g_00353	Prae.g_01445
OG0000956	Prar.g_00351	Prae.g_01447
OG0000957	Prar.g_00350	Prae.g_01448
OG0000958	Prar.g_00349	Prae.g_01449
OG0000959	Prar.g_00348	Prae.g_01450
OG0000960	Prar.g_00347	Prae.g_01451
OG0000961	Prar.g_00346	Prae.g_01452
OG0000962	Prar.g_00345	Prae.g_01453
OG0000963	Prar.g_00344	Prae.g_01454
OG0000964	Prar.g_00343	Prae.g_01455
OG0000965	Prar.g_00341	Prae.g_01457
OG0000966	Prar.g_00340	Prae.g_01458
OG0000967	Prar.g_00337	Prae.g_01461
OG0000968	Prar.g_00336	Prae.g_01462
OG0000969	Prar.g_00335	Prae.g_01463
OG0000970	Prar.g_00842	Prae.g_01464
OG0000971	Prar.g_00841	Prae.g_01465
OG0000972	Prar.g_00840	Prae.g_01466
OG0000973	Prar.g_00838	Prae.g_01468
OG0000974	Prar.g_00837	Prae.g_01469
OG0000975	Prar.g_00836	Prae.g_01470
OG0000976	Prar.g_00835	Prae.g_01471
OG0000977	Prar.g_00834	Prae.g_01472
OG0000978	Prar.g_00833	Prae.g_01473
OG0000979	Prar.g_00832	Prae.g_01474
OG0000980	Prar.g_00831	Prae.g_01475
OG0000981	Prar.g_00830	Prae.g_01476
OG0000982	Prar.g_00829	Prae.g_01477
OG0000983	Prar.g_00828	Prae.g_01478
OG0000984	Prar.g_00824	Prae.g_01482
OG0000985	Prar.g_00823	Prae.g_01483
OG0000986	Prar.g_00822	Prae.g_01484
OG0000987	Prar.g_00820	Prae.g_01486
OG0000988	Prar.g_00819	Prae.g_01487
OG0000989	Prar.g_00818	Prae.g_01488
OG0000990	Prar.g_00817	Prae.g_01489
OG0000991	Prar.g_00816	Prae.g_01490
OG0000992	Prar.g_00815	Prae.g_01491
OG0000993	Prar.g_00814	Prae.g_01492
OG0000994	Prar.g_00813	Prae.g_01493
OG0000995	Prar.g_00812	Prae.g_01494
OG0000996	Prar.g_00811	Prae.g_01495
OG0000997	Prar.g_00809	Prae.g_01497
OG0000998	Prar.g_00806	Prae.g_01500
OG0000999	Prar.g_00804	Prae.g_01502
OG0001000	Prar.g_00803	Prae.g_01503
OG0001001	Prar.g_00802	Prae.g_01504
OG0001002	Prar.g_00800	Prae.g_01506
OG0001003	Prar.g_00799	Prae.g_01507
OG0001004	Prar.g_00798	Prae.g_01508
OG0001005	Prar.g_00797	Prae.g_01509
OG0001006	Prar.g_00795	Prae.g_01511
OG0001007	Prar.g_00794	Prae.g_01512
OG0001008	Prar.g_00793	Prae.g_01513
OG0001009	Prar.g_00792	Prae.g_01514
OG0001010	Prar.g_00791	Prae.g_01515
OG0001011	Prar.g_00790	Prae.g_01516
OG0001012	Prar.g_00789	Prae.g_01517
OG0001013	Prar.g_00788	Prae.g_01518
OG0001014	Prar.g_00787	Prae.g_01519
OG0001015	Prar.g_00786	Prae.g_01520
OG0001016	Prar.g_00785	Prae.g_01521
OG0001017	Prar.g_00784	Prae.g_01522
OG0001018	Prar.g_00783	Prae.g_01523
OG0001019	Prar.g_00782	Prae.g_01524
OG0001020	Prar.g_00781	Prae.g_01525
OG0001021	Prar.g_00780	Prae.g_01526
OG0001022	Prar.g_00779	Prae.g_01527
OG0001023	Prar.g_00778	Prae.g_01528
OG0001024	Prar.g_00776	Prae.g_01530
OG0001025	Prar.g_00775	Prae.g_01531
OG0001026	Prar.g_00774	Prae.g_01532
OG0001027	Prar.g_00773	Prae.g_01533
OG0001028	Prar.g_00772	Prae.g_01534
OG0001029	Prar.g_00771	Prae.g_01535
OG0001030	Prar.g_00768	Prae.g_01538
OG0001031	Prar.g_00767	Prae.g_01539
OG0001032	Prar.g_00760	Prae.g_01547
OG0001033	Prar.g_00753	Prae.g_01554
OG0001034	Prar.g_00725	Prae.g_01582
OG0001035	Prar.g_01149	Prae.g_01617
OG0001036	Prar.g_01148	Prae.g_01618
OG0001037	Prar.g_01142	Prae.g_01624
OG0001038	Prar.g_01141	Prae.g_01625
OG0001039	Prar.g_01140	Prae.g_01626
OG0001040	Prar.g_01139	Prae.g_01627
OG0001041	Prar.g_01137	Prae.g_01629
OG0001042	Prar.g_01136	Prae.g_01630
OG0001043	Prar.g_01135	Prae.g_01631
OG0001044	Prar.g_01134	Prae.g_01632
OG0001045	Prar.g_01133	Prae.g_01633
OG0001046	Prar.g_01132	Prae.g_01634
OG0001047	Prar.g_01131	Prae.g_01635
OG0001048	Prar.g_01129	Prae.g_01637
OG0001049	Prar.g_01128	Prae.g_01638
OG0001050	Prar.g_01127	Prae.g_01639
OG0001051	Prar.g_01126	Prae.g_01640
OG0001052	Prar.g_01125	Prae.g_01641
OG0001053	Prar.g_01124	Prae.g_01642
OG0001054	Prar.g_01123	Prae.g_01643
OG0001055	Prar.g_01122	Prae.g_01644
OG0001056	Prar.g_01121	Prae.g_01645
OG0001057	Prar.g_01964	Prae.g_01647
OG0001058	Prar.g_01965	Prae.g_01648
OG0001059	Prar.g_01966	Prae.g_01649
OG0001060	Prar.g_01967	Prae.g_01650
OG0001061	Prar.g_01968	Prae.g_01651
OG0001062	Prar.g_01969	Prae.g_01652
OG0001063	Prar.g_01970	Prae.g_01653
OG0001064	Prar.g_01971	Prae.g_01654
OG0001065	Prar.g_01963	Prae.g_01655
OG0001066	Prar.g_01962	Prae.g_01656
OG0001067	Prar.g_01961	Prae.g_01657
OG0001068	Prar.g_01960	Prae.g_01658
OG0001069	Prar.g_01957	Prae.g_01661
OG0001070	Prar.g_00596	Prae.g_01663
OG0001071	Prar.g_00597	Prae.g_01664
OG0001072	Prar.g_00598	Prae.g_01665
OG0001073	Prar.g_00599	Prae.g_01666
OG0001074	Prar.g_00600	Prae.g_01667
OG0001075	Prar.g_00601	Prae.g_01668
OG0001076	Prar.g_00603	Prae.g_01670
OG0001077	Prar.g_00604	Prae.g_01671
OG0001078	Prar.g_00605	Prae.g_01672
OG0001079	Prar.g_00606	Prae.g_01673
OG0001080	Prar.g_00607	Prae.g_01674
OG0001081	Prar.g_00608	Prae.g_01675
OG0001082	Prar.g_00609	Prae.g_01676
OG0001083	Prar.g_00610	Prae.g_01677
OG0001084	Prar.g_00611	Prae.g_01678
OG0001085	Prar.g_00612	Prae.g_01679
OG0001086	Prar.g_01114	Prae.g_01686
OG0001087	Prar.g_01113	Prae.g_01687
OG0001088	Prar.g_01112	Prae.g_01688
OG0001089	Prar.g_01110	Prae.g_01690
OG0001090	Prar.g_01109	Prae.g_01691
OG0001091	Prar.g_01108	Prae.g_01692
OG0001092	Prar.g_01107	Prae.g_01693
OG0001093	Prar.g_01106	Prae.g_01694
OG0001094	Prar.g_01105	Prae.g_01695
OG0001095	Prar.g_01104	Prae.g_01696
OG0001096	Prar.g_01103	Prae.g_01697
OG0001097	Prar.g_01102	Prae.g_01698
OG0001098	Prar.g_01101	Prae.g_01699
OG0001099	Prar.g_01100	Prae.g_01700
OG0001100	Prar.g_01099	Prae.g_01701
OG0001101	Prar.g_01098	Prae.g_01702
OG0001102	Prar.g_01095	Prae.g_01705
OG0001103	Prar.g_01094	Prae.g_01706
OG0001104	Prar.g_01093	Prae.g_01707
OG0001105	Prar.g_01091	Prae.g_01709
OG0001106	Prar.g_01089	Prae.g_01711
OG0001107	Prar.g_01088	Prae.g_01712
OG0001108	Prar.g_01087	Prae.g_01713
OG0001109	Prar.g_01069	Prae.g_01716
OG0001110	Prar.g_01067	Prae.g_01718
OG0001111	Prar.g_01066	Prae.g_01719
OG0001112	Prar.g_01065	Prae.g_01720
OG0001113	Prar.g_01064	Prae.g_01721
OG0001114	Prar.g_01063	Prae.g_01722
OG0001115	Prar.g_01062	Prae.g_01723
OG0001116	Prar.g_01061	Prae.g_01724
OG0001117	Prar.g_01060	Prae.g_01725
OG0001118	Prar.g_01059	Prae.g_01726
OG0001119	Prar.g_01058	Prae.g_01727
OG0001120	Prar.g_01057	Prae.g_01728
OG0001121	Prar.g_01056	Prae.g_01729
OG0001122	Prar.g_01055	Prae.g_01730
OG0001123	Prar.g_01054	Prae.g_01731
OG0001124	Prar.g_01053	Prae.g_01732
OG0001125	Prar.g_01052	Prae.g_01733
OG0001126	Prar.g_01051	Prae.g_01734
OG0001127	Prar.g_01050	Prae.g_01735
OG0001128	Prar.g_01049	Prae.g_01736
OG0001129	Prar.g_01048	Prae.g_01737
OG0001130	Prar.g_01047	Prae.g_01738
OG0001131	Prar.g_01046	Prae.g_01739
OG0001132	Prar.g_01045	Prae.g_01740
OG0001133	Prar.g_01044	Prae.g_01741
OG0001134	Prar.g_01043	Prae.g_01742
OG0001135	Prar.g_01042	Prae.g_01743
OG0001136	Prar.g_01041	Prae.g_01744
OG0001137	Prar.g_01040	Prae.g_01745
OG0001138	Prar.g_01039	Prae.g_01746
OG0001139	Prar.g_01038	Prae.g_01747
OG0001140	Prar.g_01037	Prae.g_01748
OG0001141	Prar.g_01035	Prae.g_01750
OG0001142	Prar.g_01034	Prae.g_01751
OG0001143	Prar.g_01033	Prae.g_01752
OG0001144	Prar.g_01031	Prae.g_01754
OG0001145	Prar.g_01029	Prae.g_01756
OG0001146	Prar.g_01028	Prae.g_01757
OG0001147	Prar.g_01026	Prae.g_01759
OG0001148	Prar.g_01025	Prae.g_01760
OG0001149	Prar.g_01024	Prae.g_01761
OG0001150	Prar.g_01022	Prae.g_01765
OG0001151	Prar.g_01021	Prae.g_01766
OG0001152	Prar.g_01020	Prae.g_01767
OG0001153	Prar.g_01019	Prae.g_01768
OG0001154	Prar.g_01018	Prae.g_01769
OG0001155	Prar.g_01017	Prae.g_01770
OG0001156	Prar.g_01016	Prae.g_01771
OG0001157	Prar.g_01014	Prae.g_01773
OG0001158	Prar.g_01013	Prae.g_01774
OG0001159	Prar.g_01012	Prae.g_01775
OG0001160	Prar.g_01011	Prae.g_01776
OG0001161	Prar.g_00617	Prae.g_01779
OG0001162	Prar.g_00618	Prae.g_01780
OG0001163	Prar.g_00619	Prae.g_01781
OG0001164	Prar.g_00620	Prae.g_01782
OG0001165	Prar.g_00621	Prae.g_01783
OG0001166	Prar.g_00622	Prae.g_01784
OG0001167	Prar.g_00623	Prae.g_01785
OG0001168	Prar.g_00625	Prae.g_01787
OG0001169	Prar.g_00626	Prae.g_01788
OG0001170	Prar.g_00628	Prae.g_01790
OG0001171	Prar.g_00629	Prae.g_01791
OG0001172	Prar.g_00630	Prae.g_01792
OG0001173	Prar.g_00632	Prae.g_01794
OG0001174	Prar.g_00634	Prae.g_01796
OG0001175	Prar.g_00636	Prae.g_01798
OG0001176	Prar.g_00637	Prae.g_01799
OG0001177	Prar.g_00639	Prae.g_01801
OG0001178	Prar.g_00640	Prae.g_01802
OG0001179	Prar.g_00641	Prae.g_01803
OG0001180	Prar.g_00642	Prae.g_01804
OG0001181	Prar.g_00643	Prae.g_01805
OG0001182	Prar.g_00644	Prae.g_01806
OG0001183	Prar.g_00645	Prae.g_01807
OG0001184	Prar.g_00646	Prae.g_01808
OG0001185	Prar.g_00647	Prae.g_01809
OG0001186	Prar.g_00648	Prae.g_01810
OG0001187	Prar.g_00649	Prae.g_01811
OG0001188	Prar.g_00650	Prae.g_01812
OG0001189	Prar.g_00651	Prae.g_01813
OG0001190	Prar.g_00652	Prae.g_01814
OG0001191	Prar.g_00654	Prae.g_01816
OG0001192	Prar.g_00656	Prae.g_01818
OG0001193	Prar.g_00657	Prae.g_01819
OG0001194	Prar.g_00658	Prae.g_01820
OG0001195	Prar.g_00659	Prae.g_01821
OG0001196	Prar.g_00661	Prae.g_01823
OG0001197	Prar.g_00663	Prae.g_01826
OG0001198	Prar.g_00664	Prae.g_01827
OG0001199	Prar.g_00665	Prae.g_01828
OG0001200	Prar.g_00666	Prae.g_01829
OG0001201	Prar.g_00667	Prae.g_01830
OG0001202	Prar.g_00668	Prae.g_01831
OG0001203	Prar.g_00670	Prae.g_01833
OG0001204	Prar.g_00673	Prae.g_01836
OG0001205	Prar.g_00674	Prae.g_01837
OG0001206	Prar.g_00675	Prae.g_01838
OG0001207	Prar.g_00676	Prae.g_01839
OG0001208	Prar.g_00677	Prae.g_01840
OG0001209	Prar.g_00678	Prae.g_01841
OG0001210	Prar.g_00679	Prae.g_01842
OG0001211	Prar.g_00680	Prae.g_01843
OG0001212	Prar.g_00681	Prae.g_01844
OG0001213	Prar.g_00682	Prae.g_01845
OG0001214	Prar.g_00683	Prae.g_01846
OG0001215	Prar.g_00684	Prae.g_01847
OG0001216	Prar.g_00685	Prae.g_01848
OG0001217	Prar.g_00686	Prae.g_01849
OG0001218	Prar.g_00687	Prae.g_01850
OG0001219	Prar.g_00688	Prae.g_01851
OG0001220	Prar.g_00689	Prae.g_01852
OG0001221	Prar.g_00690	Prae.g_01853
OG0001222	Prar.g_00692	Prae.g_01855
OG0001223	Prar.g_00694	Prae.g_01857
OG0001224	Prar.g_00695	Prae.g_01858
OG0001225	Prar.g_00697	Prae.g_01860
OG0001226	Prar.g_00698	Prae.g_01861
OG0001227	Prar.g_00699	Prae.g_01862
OG0001228	Prar.g_00700	Prae.g_01863
OG0001229	Prar.g_00701	Prae.g_01864
OG0001230	Prar.g_00702	Prae.g_01865
OG0001231	Prar.g_00703	Prae.g_01866
OG0001232	Prar.g_00705	Prae.g_01868
OG0001233	Prar.g_00706	Prae.g_01869
OG0001234	Prar.g_00707	Prae.g_01870
OG0001235	Prar.g_00708	Prae.g_01871
OG0001236	Prar.g_00709	Prae.g_01872
OG0001237	Prar.g_00074	Prae.g_01875
OG0001238	Prar.g_00073	Prae.g_01876
OG0001239	Prar.g_00070	Prae.g_01879
OG0001240	Prar.g_00069	Prae.g_01880
OG0001241	Prar.g_00068	Prae.g_01881
OG0001242	Prar.g_00067	Prae.g_01882
OG0001243	Prar.g_00066	Prae.g_01883
OG0001244	Prar.g_00065	Prae.g_01884
OG0001245	Prar.g_00064	Prae.g_01885
OG0001246	Prar.g_00063	Prae.g_01886
OG0001247	Prar.g_00062	Prae.g_01887
OG0001248	Prar.g_00061	Prae.g_01888
OG0001249	Prar.g_00060	Prae.g_01889
OG0001250	Prar.g_00059	Prae.g_01890
OG0001251	Prar.g_00058	Prae.g_01891
OG0001252	Prar.g_00057	Prae.g_01892
OG0001253	Prar.g_00056	Prae.g_01893
OG0001254	Prar.g_00054	Prae.g_01895
OG0001255	Prar.g_00053	Prae.g_01896
OG0001256	Prar.g_00051	Prae.g_01898
OG0001257	Prar.g_00050	Prae.g_01899
OG0001258	Prar.g_00049	Prae.g_01900
OG0001259	Prar.g_00047	Prae.g_01902
OG0001260	Prar.g_00046	Prae.g_01903
OG0001261	Prar.g_00045	Prae.g_01904
OG0001262	Prar.g_00044	Prae.g_01905
OG0001263	Prar.g_00043	Prae.g_01906
OG0001264	Prar.g_00042	Prae.g_01907
OG0001265	Prar.g_00041	Prae.g_01908
OG0001266	Prar.g_00040	Prae.g_01909
OG0001267	Prar.g_00039	Prae.g_01910
OG0001268	Prar.g_00038	Prae.g_01911
OG0001269	Prar.g_00236	Prae.g_00092
OG0001270	Prar.g_00190	Prae.g_00138
OG0001271	Prar.g_00177	Prae.g_00153
OG0001272	Prar.g_00306	Prae.g_00282
OG0001273	Prar.g_00393	Prae.g_00334
OG0001274	Prar.g_00532	Prae.g_00456
OG0001275	Prar.g_01329	Prae.g_00472
OG0001276	Prar.g_01419	Prae.g_00564
OG0001277	Prar.g_01637	Prae.g_00751
OG0001278	Prar.g_01734	Prae.g_00856
OG0001279	Prar.g_01775	Prae.g_00907
OG0001280	Prar.g_01880	Prae.g_01016
OG0001281	Prar.g_01928	Prae.g_01066
OG0001282	Prar.g_01946	Prae.g_01083
OG0001283	Prar.g_01951	Prae.g_01088
OG0001284	Prar.g_01322	Prae.g_01098
OG0001285	Prar.g_01279	Prae.g_01147
OG0001286	Prar.g_01266	Prae.g_01160
OG0001287	Prar.g_00871	Prae.g_01438
OG0001288	Prar.g_00807	Prae.g_01499
OG0001289	Prar.g_00796	Prae.g_01510
OG0001290	Prar.g_00755	Prae.g_01552
OG0001291	Prar.g_00754	Prae.g_01553
OG0001292	Prar.g_00749	Prae.g_01558
OG0001295	Prar.g_00715	Prae.g_01597
OG0001296	Prar.g_01151	Prae.g_01615
OG0001297	Prar.g_01147	Prae.g_01619
OG0001298	Prar.g_01144	Prae.g_01622
OG0001299	Prar.g_01111	Prae.g_01689
OG0001300	Prar.g_01086	Prae.g_01714
OG0001301	Prar.g_00635	Prae.g_01797
OG0001302	Prar.g_00662	Prae.g_01825
OG0001303	Prar.g_00693	Prae.g_01856
OG0001304	Prar.g_00048	Prae.g_01901
OG0001306	Prar.g_00485	Prae.g_00411
OG0001307	Prar.g_00008	Prae.g_00030
OG0001308	Prar.g_00547	Prae.g_00071
OG0001309	Prar.g_00254	Prae.g_00074
OG0001310	Prar.g_00252	Prae.g_00076
OG0001311	Prar.g_00235	Prae.g_00093
OG0001312	Prar.g_00209	Prae.g_00119
OG0001313	Prar.g_00203	Prae.g_00125
OG0001314	Prar.g_00128	Prae.g_00202
OG0001315	Prar.g_00084	Prae.g_00246
OG0001317	Prar.g_00434	Prae.g_00373
OG0001318	Prar.g_01467	Prae.g_00611
OG0001320	Prar.g_01895	Prae.g_01031
OG0001321	Prar.g_01900	Prae.g_01036
OG0001322	Prar.g_01937	Prae.g_01074
OG0001323	Prar.g_01314	Prae.g_01109
OG0001324	Prar.g_01311	Prae.g_01113
OG0001325	Prar.g_01304	Prae.g_01119
OG0001326	Prar.g_01235	Prae.g_01191
OG0001327	Prar.g_00927	Prae.g_01352
OG0001328	Prar.g_00751	Prae.g_01556
OG0001329	Prar.g_01120	Prae.g_01646
OG0001330	Prar.g_00613	Prae.g_01680
OG0001331	Prar.g_00631	Prae.g_01793
OG0001332	Prar.g_00187	Prae.g_00141
OG0001333	Prar.g_00089	Prae.g_00241
OG0001334	Prar.g_00516	Prae.g_00441
OG0001335	Prar.g_01920	Prae.g_01057
OG0001336	Prar.g_01940	Prae.g_01077
OG0001337	Prar.g_01954	Prae.g_01091
OG0001338	Prar.g_00977	Prae.g_01292
OG0001339	Prar.g_00950	Prae.g_01334
OG0001340	Prar.g_00891	Prae.g_01388
OG0001341	Prar.g_00758	Prae.g_01549
OG0001342	Prar.g_00747	Prae.g_01560
OG0001343	Prar.g_01146	Prae.g_01620
OG0001344	Prar.g_00602	Prae.g_01669
OG0001346	Prar.g_00655	Prae.g_01817
OG0001347	Prar.g_00691	Prae.g_01854
OG0001348	Prar.g_00200	Prae.g_00128
OG0001349	Prar.g_00210	Prae.g_00118
OG0001350	Prar.g_00183	Prae.g_00147
OG0001351	Prar.g_00124	Prae.g_00206
OG0001352	Prar.g_00079	Prae.g_00251
OG0001353	Prar.g_00326	Prae.g_00264
OG0001354	Prar.g_00307	Prae.g_00281
OG0001355	Prar.g_00399	Prae.g_00339
OG0001356	Prar.g_00439	Prae.g_00378
OG0001357	Prar.g_00482	Prae.g_00408
OG0001358	Prar.g_00522	Prae.g_00446
OG0001359	Prar.g_00536	Prae.g_00460
OG0001360	Prar.g_01340	Prae.g_00483
OG0001362	Prar.g_01406	Prae.g_00551
OG0001363	Prar.g_01533	Prae.g_00677
OG0001364	Prar.g_01667	Prae.g_00790
OG0001365	Prar.g_01724	Prae.g_00846
OG0001366	Prar.g_01757	Prae.g_00890
OG0001367	Prar.g_01860	Prae.g_00992
OG0001368	Prar.g_01879	Prae.g_01015
OG0001369	Prar.g_01292	Prae.g_01134
OG0001370	Prar.g_01291	Prae.g_01135
OG0001371	Prar.g_01213	Prae.g_01213
OG0001373	Prar.g_00777	Prae.g_01529
OG0001374	Prar.g_01116	Prae.g_01684
OG0001375	Prar.g_01958	Prae.g_01660
OG0001376	Prar.g_01097	Prae.g_01703
OG0001378	Prar.g_01881	Prae.g_01017
OG0001379	Prar.g_00551	Prae.g_00067
OG0001380	Prar.g_00550	Prae.g_00068
OG0001381	Prar.g_00241	Prae.g_00087
OG0001382	Prar.g_00193	Prae.g_00135
OG0001383	Prar.g_00093	Prae.g_00237
OG0001384	Prar.g_00331	Prae.g_00259
OG0001385	Prar.g_00315	Prae.g_00275
OG0001386	Prar.g_00422	Prae.g_00361
OG0001389	Prar.g_00502	Prae.g_00428
OG0001390	Prar.g_00509	Prae.g_00434
OG0001391	Prar.g_01335	Prae.g_00478
OG0001392	Prar.g_01342	Prae.g_00485
OG0001393	Prar.g_01349	Prae.g_00493
OG0001394	Prar.g_01496	Prae.g_00640
OG0001395	Prar.g_01504	Prae.g_00648
OG0001396	Prar.g_01506	Prae.g_00650
OG0001397	Prar.g_01512	Prae.g_00656
OG0001398	Prar.g_01604	Prae.g_00716
OG0001399	Prar.g_01669	Prae.g_00792
OG0001400	Prar.g_01756	Prae.g_00889
OG0001401	Prar.g_01758	Prae.g_00891
OG0001402	Prar.g_01781	Prae.g_00913
OG0001403	Prar.g_01784	Prae.g_00916
OG0001404	Prar.g_01864	Prae.g_00996
OG0001405	Prar.g_01889	Prae.g_01025
OG0001406	Prar.g_01908	Prae.g_01044
OG0001407	Prar.g_01918	Prae.g_01054
OG0001408	Prar.g_01926	Prae.g_01064
OG0001409	Prar.g_01934	Prae.g_01071
OG0001410	Prar.g_01277	Prae.g_01149
OG0001411	Prar.g_00975	Prae.g_01295
OG0001412	Prar.g_00954	Prae.g_01330
OG0001413	Prar.g_00920	Prae.g_01359
OG0001414	Prar.g_00910	Prae.g_01369
OG0001415	Prar.g_00808	Prae.g_01498
OG0001416	Prar.g_00805	Prae.g_01501
OG0001417	Prar.g_00757	Prae.g_01550
OG0001418	Prar.g_00744	Prae.g_01564
OG0001420	Prar.g_00988	Prae.g_01245
OG0001424	Prar.g_00556	Prae.g_00061
OG0001425	Prar.g_00261	Prae.g_00327
OG0001426	Prar.g_00424	Prae.g_00363
OG0001427	Prar.g_01351	Prae.g_00495
OG0001428	Prar.g_01635	Prae.g_00749
OG0001429	Prar.g_01647	Prae.g_00762
OG0001430	Prar.g_01673	Prae.g_00795
OG0001431	Prar.g_01760	Prae.g_00893
OG0001432	Prar.g_01765	Prae.g_00898
OG0001433	Prar.g_01923	Prae.g_01060
OG0001434	Prar.g_01290	Prae.g_01136
OG0001435	Prar.g_01201	Prae.g_01225
OG0001436	Prar.g_00738	Prae.g_01570
OG0001437	Prar.g_00732	Prae.g_01578
OG0001438	Prar.g_00052	Prae.g_01897
OG0001440	Prar.g_00433	Prae.g_00372
OG0001442	Prar.g_01872	Prae.g_01008
OG0001443	Prar.g_01924	Prae.g_01062
OG0001444	Prar.g_01927	Prae.g_01065
OG0001445	Prar.g_00746	Prae.g_01562
OG0001446	Prar.g_01181	Prae.g_01231
OG0001448	Prar.g_01450	Prae.g_00594
OG0001449	Prar.g_01319	Prae.g_01101
OG0001450	Prar.g_01302	Prae.g_01122
OG0001451	Prar.g_01280	Prae.g_01146
OG0001452	Prar.g_01244	Prae.g_01182
OG0001460	Prar.g_00427	Prae.g_00366
OG0001461	Prar.g_00437	Prae.g_00376
OG0001462	Prar.g_00452	Prae.g_00388
OG0001464	Prar.g_01389	Prae.g_00534
OG0001465	Prar.g_01418	Prae.g_00563
OG0001466	Prar.g_01532	Prae.g_00676
OG0001467	Prar.g_01662	Prae.g_00785
OG0001469	Prar.g_01747	Prae.g_00868
OG0001470	Prar.g_01871	Prae.g_01007
OG0001471	Prar.g_01917	Prae.g_01053
OG0001472	Prar.g_01922	Prae.g_01059
OG0001473	Prar.g_01925	Prae.g_01063
OG0001474	Prar.g_00982	Prae.g_01287
OG0001476	Prar.g_00342	Prae.g_01456
OG0001478	Prar.g_00624	Prae.g_01786
OG0001479	Prar.g_01265	Prae.g_01161
OG0001482	Prar.g_00267	Prae.g_00321
OG0001483	Prar.g_00972	Prae.g_01309
OG0001485	Prar.g_01746	Prae.g_00867
OG0001488	Prar.g_01913	Prae.g_01049
OG0001489	Prar.g_01914	Prae.g_01050
OG0001490	Prar.g_01915	Prae.g_01051
OG0001491	Prar.g_01921	Prae.g_01058
OG0001492	Prar.g_01949	Prae.g_01086
OG0001493	Prar.g_01325	Prae.g_01095
OG0001494	Prar.g_01247	Prae.g_01179
OG0001497	Prar.g_00869	Prae.g_01439
OG0001498	Prar.g_01118	Prae.g_01682
OG0001499	Prar.g_01096	Prae.g_01704
OG0001503	Prar.g_00155	Prae.g_00175
OG0001504	Prar.g_00463	Prae.g_00395
OG0001505	Prar.g_01629	Prae.g_00741
OG0001507	Prar.g_01659	Prae.g_00782
OG0001508	Prar.g_01713	Prae.g_00835
OG0001510	Prar.g_01748	Prae.g_00869
OG0001511	Prar.g_01551	Prae.g_00877
OG0001512	Prar.g_01550	Prae.g_00878
OG0001513	Prar.g_01549	Prae.g_00879
OG0001514	Prar.g_01548	Prae.g_00880
OG0001515	Prar.g_01547	Prae.g_00881
OG0001516	Prar.g_01546	Prae.g_00882
OG0001517	Prar.g_01545	Prae.g_00883
OG0001518	Prar.g_01544	Prae.g_00884
OG0001519	Prar.g_01543	Prae.g_00885
OG0001520	Prar.g_01542	Prae.g_00886
OG0001521	Prar.g_01541	Prae.g_00887
OG0001522	Prar.g_01540	Prae.g_00888
OG0001524	Prar.g_01196	Prae.g_00999
OG0001525	Prar.g_01941	Prae.g_01078
OG0001526	Prar.g_01281	Prae.g_01145
OG0001529	Prar.g_00616	Prae.g_01778
OG0001531	Prar.g_01854	Prae.g_00986
OG0001532	Prar.g_01912	Prae.g_01048
OG0001533	Prar.g_01931	Prae.g_01069
OG0001534	Prar.g_01000	Prae.g_01267
OG0001536	Prar.g_01180	Prae.g_01232
OG0001537	Prar.g_01115	Prae.g_01685
OG0001539	Prar.g_00557	Prae.g_00060
OG0001540	Prar.g_00507	Prae.g_00433
OG0001541	Prar.g_01763	Prae.g_00896
OG0001542	Prar.g_01321	Prae.g_01099
OG0001543	Prar.g_01190	Prae.g_01256
OG0001547	Prar.g_00003	Prae.g_00034
OG0001549	Prar.g_00740	Prae.g_01568
OG0001551	Prar.g_01323	Prae.g_01097
OG0001552	Prar.g_00980	Prae.g_01289
OG0001553	Prar.g_00968	Prae.g_01314
OG0001554	Prar.g_00967	Prae.g_01315
OG0001557	Prar.g_00742	Prae.g_01566
OG0001558	Prar.g_00733	Prae.g_01577
OG0001565	Prar.g_00202	Prae.g_00126
OG0001566	Prar.g_00280	Prae.g_00308
OG0001567	Prar.g_00429	Prae.g_00368
OG0001568	Prar.g_00451	Prae.g_00387
OG0001569	Prar.g_00505	Prae.g_00431
OG0001571	Prar.g_00519	Prae.g_00443
OG0001572	Prar.g_01507	Prae.g_00651
OG0001574	Prar.g_01642	Prae.g_00754
OG0001575	Prar.g_01655	Prae.g_00774
OG0001576	Prar.g_01865	Prae.g_01001
OG0001577	Prar.g_01870	Prae.g_01006
OG0001578	Prar.g_01929	Prae.g_01067
OG0001579	Prar.g_01930	Prae.g_01068
OG0001580	Prar.g_01933	Prae.g_01070
OG0001581	Prar.g_01936	Prae.g_01073
OG0001582	Prar.g_01942	Prae.g_01079
OG0001583	Prar.g_01326	Prae.g_01094
OG0001584	Prar.g_01316	Prae.g_01104
OG0001585	Prar.g_01308	Prae.g_01116
OG0001586	Prar.g_01300	Prae.g_01125
OG0001587	Prar.g_01297	Prae.g_01129
OG0001589	Prar.g_00990	Prae.g_01284
OG0001590	Prar.g_00914	Prae.g_01365
OG0001591	Prar.g_00912	Prae.g_01367
OG0001594	Prar.g_00764	Prae.g_01542
OG0001595	Prar.g_00763	Prae.g_01544
OG0001596	Prar.g_00762	Prae.g_01545
OG0001597	Prar.g_00752	Prae.g_01555
OG0001598	Prar.g_00671	Prae.g_01834
OG0001601	Prar.g_01167	Prae.g_00704
OG0001602	Prar.g_00294	Prae.g_00294
OG0001603	Prar.g_00256	Prae.g_00332
OG0001604	Prar.g_00423	Prae.g_00362
OG0001606	Prar.g_00517	Prae.g_00442
OG0001607	Prar.g_01536	Prae.g_00680
OG0001608	Prar.g_01641	Prae.g_00753
OG0001609	Prar.g_01750	Prae.g_00871
OG0001610	Prar.g_01762	Prae.g_00895
OG0001611	Prar.g_01287	Prae.g_01139
OG0001612	Prar.g_01286	Prae.g_01140
OG0001613	Prar.g_01285	Prae.g_01141
OG0001614	Prar.g_01284	Prae.g_01142
OG0001618	Prar.g_01130	Prae.g_01636
OG0001620	Prar.g_00400	Prae.g_00340
OG0001622	Prar.g_00428	Prae.g_00367
OG0001623	Prar.g_01531	Prae.g_00675
OG0001624	Prar.g_01624	Prae.g_00736
OG0001625	Prar.g_00993	Prae.g_01243
OG0001628	Prar.g_00922	Prae.g_01357
OG0001629	Prar.g_00381	Prae.g_01399
OG0001632	Prar.g_01650	Prae.g_00765
OG0001636	Prar.g_01505	Prae.g_00649
OG0001637	Prar.g_01753	Prae.g_00875
OG0001638	Prar.g_01001	Prae.g_01266
OG0001639	Prar.g_00995	Prae.g_01278
OG0001640	Prar.g_00739	Prae.g_01569
OG0001641	Prar.g_00723	Prae.g_01586
OG0001652	Prar.g_00147	Prae.g_00183
OG0001653	Prar.g_00426	Prae.g_00365
OG0001654	Prar.g_00460	Prae.g_00390
OG0001655	Prar.g_00461	Prae.g_00391
OG0001656	Prar.g_00462	Prae.g_00393
OG0001657	Prar.g_00515	Prae.g_00440
OG0001658	Prar.g_01598	Prae.g_00710
OG0001659	Prar.g_01631	Prae.g_00745
OG0001660	Prar.g_01633	Prae.g_00747
OG0001661	Prar.g_01656	Prae.g_00775
OG0001662	Prar.g_01658	Prae.g_00781
OG0001663	Prar.g_01660	Prae.g_00783
OG0001664	Prar.g_01689	Prae.g_00811
OG0001665	Prar.g_01741	Prae.g_00862
OG0001666	Prar.g_01751	Prae.g_00873
OG0001667	Prar.g_01752	Prae.g_00874
OG0001668	Prar.g_01788	Prae.g_00920
OG0001669	Prar.g_01866	Prae.g_01002
OG0001670	Prar.g_01869	Prae.g_01005
OG0001671	Prar.g_01874	Prae.g_01010
OG0001672	Prar.g_01891	Prae.g_01027
OG0001673	Prar.g_01892	Prae.g_01028
OG0001674	Prar.g_01916	Prae.g_01052
OG0001675	Prar.g_01919	Prae.g_01056
OG0001676	Prar.g_01938	Prae.g_01075
OG0001677	Prar.g_01939	Prae.g_01076
OG0001678	Prar.g_01945	Prae.g_01082
OG0001679	Prar.g_01950	Prae.g_01087
OG0001680	Prar.g_01952	Prae.g_01089
OG0001681	Prar.g_01310	Prae.g_01114
OG0001682	Prar.g_01305	Prae.g_01118
OG0001683	Prar.g_01303	Prae.g_01121
OG0001684	Prar.g_01288	Prae.g_01138
OG0001685	Prar.g_01216	Prae.g_01210
OG0001686	Prar.g_01208	Prae.g_01218
OG0001687	Prar.g_01159	Prae.g_01262
OG0001688	Prar.g_00974	Prae.g_01296
OG0001689	Prar.g_00970	Prae.g_01312
OG0001692	Prar.g_00765	Prae.g_01541
OG0001693	Prar.g_00759	Prae.g_01548
OG0001694	Prar.g_00756	Prae.g_01551
OG0001695	Prar.g_00750	Prae.g_01557
OG0001696	Prar.g_00743	Prae.g_01565
OG0001697	Prar.g_00741	Prae.g_01567
OG0001699	Prar.g_01138	Prae.g_01628
OG0001700	Prar.g_00075	Prae.g_01873
OG0001701	Prar.g_01072, Prar.g_00614	Prae.g_01348
OG0001705	Prar.g_01327	Prae.g_00470
OG0001707	Prar.g_01627	Prae.g_00739
OG0001708	Prar.g_01645	Prae.g_00760
OG0001709	Prar.g_01657	Prae.g_00776
OG0001710	Prar.g_01867	Prae.g_01003
OG0001711	Prar.g_01911	Prae.g_01047
OG0001713	Prar.g_01306	Prae.g_01117
OG0001714	Prar.g_01283	Prae.g_01143
OG0001715	Prar.g_00983	Prae.g_01286
OG0001717	Prar.g_01868	Prae.g_01004
OG0001727	Prar.g_01625	Prae.g_00737
OG0001729	Prar.g_01749	Prae.g_00870
OG0001730	Prar.g_01317	Prae.g_01103
OG0001732	Prar.g_00969	Prae.g_01313
OG0001736	Prar.g_00720	Prae.g_01596
OG0001737	Prar.g_00447	Prae.g_00386
OG0001738	Prar.g_01597	Prae.g_00709
OG0001787	Prar.g_00579	Prae.g_00043
OG0001789	Prar.g_01354	Prae.g_00498
OG0001791	Prar.g_01666	Prae.g_00789
OG0001793	Prar.g_00994	Prae.g_01281
OG0001794	Prar.g_00992	Prae.g_01282
OG0001799	Prar.g_01301	Prae.g_01124
OG0001807	Prar.g_00438	Prae.g_00377
OG0001808	Prar.g_00454	Prae.g_00389
OG0001809	Prar.g_00999	Prae.g_00400
OG0001810	Prar.g_01648	Prae.g_00763
OG0001820	Prar.g_01077	Prae.g_01298
OG0001823	Prar.g_00748	Prae.g_01559
OG0001828	Prar.g_00721	Prae.g_01589
OG0001837	Prar.g_00471	Prae.g_01271
OG0001839	Prar.g_00989	Prae.g_01285
OG0001840	Prar.g_00981	Prae.g_01288
OG0001845	Prar.g_00826	Prae.g_01480
OG0001848	Prar.g_00735	Prae.g_01575
OG0001849	Prar.g_01299	Prae.g_01126
OG0001856	Prar.g_00329	Prae.g_00261
OG0001860	Prar.g_01312	Prae.g_01112
OG0001907	Prar.g_00470	Prae.g_01345
OG0001951	Prar.g_01632	Prae.g_00746
OG0001979	Prar.g_00421	Prae.g_00360
OG0001985	Prar.g_00430	Prae.g_00369
OG0002022	Prar.g_00745	Prae.g_01563
OG0002027	Prar.g_01791	Prae.g_00923
OG0002055	Prar.g_00379	Prae.g_01403
OG0002109	Prar.g_01674	Prae.g_00796
OG0002178	Prar.g_00378	Prae.g_01405
OG0002256	Prar.g_01076	Prae.g_01609
OG0002507	Prar.g_00377	Prae.g_01435
OG0003921	Prar.g_01074	Prae.g_00146
