Orthogroup	Syaf	Syan
OG0000001	Syaf.g_00845	Syan.g_02266
OG0000001	Syaf.g_01634	Syan.g_01149
OG0000004	Syaf.g_01455	Syan.g_00183
OG0000004	Syaf.g_02351	Syan.g_00989
OG0000005	Syaf.g_01017	Syan.g_01423
OG0000005	Syaf.g_01057	Syan.g_01378
OG0000005	Syaf.g_01352, Syaf.g_01732	Syan.g_00449
OG0000006	Syaf.g_00179, Syaf.g_02778	Syan.g_01505, Syan.g_02101, Syan.g_02441
OG0000006	Syaf.g_02288	Syan.g_00791
OG0000007	Syaf.g_02702	Syan.g_02743
OG0000007	Syaf.g_01033	Syan.g_01400
OG0000008	Syaf.g_01479	Syan.g_00640, Syan.g_02532
OG0000008	Syaf.g_01480	Syan.g_00641, Syan.g_02531
OG0000009	Syaf.g_00905	Syan.g_02972
OG0000010	Syaf.g_02499	Syan.g_02847
OG0000012	Syaf.g_01353, Syaf.g_01833, Syaf.g_01462, Syaf.g_01693	Syan.g_01076, Syan.g_00452, Syan.g_02349, Syan.g_02485
OG0000014	Syaf.g_00280	Syan.g_01987
OG0000016	Syaf.g_00484	Syan.g_01766
OG0000016	Syaf.g_01576	Syan.g_02598
OG0000017	Syaf.g_02554	Syan.g_01013
OG0000017	Syaf.g_02561	Syan.g_01006
OG0000018	Syaf.g_02451	Syan.g_02816
OG0000019	Syaf.g_00193	Syan.g_02088
OG0000021	Syaf.g_01726, Syaf.g_02773	Syan.g_01001
OG0000022	Syaf.g_02256	Syan.g_00089
OG0000023	Syaf.g_01765, Syaf.g_01987, Syaf.g_01731, Syaf.g_01995	Syan.g_00404
OG0000025	Syaf.g_01385	Syan.g_00374
OG0000026	Syaf.g_00461	Syan.g_01743
OG0000027	Syaf.g_02284, Syaf.g_01688	Syan.g_02678
OG0000028	Syaf.g_00297	Syan.g_01971
OG0000030	Syaf.g_00406	Syan.g_01884
OG0000030	Syaf.g_00407	Syan.g_01883
OG0000031	Syaf.g_00314	Syan.g_01967
OG0000032	Syaf.g_02471	Syan.g_02835
OG0000033	Syaf.g_00807	Syan.g_03036
OG0000034	Syaf.g_01241, Syaf.g_00837	Syan.g_01227, Syan.g_03003
OG0000035	Syaf.g_02412	Syan.g_01276
OG0000037	Syaf.g_00899	Syan.g_00136
OG0000038	Syaf.g_00642	Syan.g_01569
OG0000040	Syaf.g_00558	Syan.g_01651
OG0000041	Syaf.g_01171	Syan.g_01465
OG0000042	Syaf.g_00403	Syan.g_00991, Syan.g_02643, Syan.g_01888
OG0000044	Syaf.g_01358, Syaf.g_01992, Syaf.g_01400	Syan.g_01065
OG0000045	Syaf.g_00979	Syan.g_00151
OG0000048	Syaf.g_00230	Syan.g_02036
OG0000053	Syaf.g_02447	Syan.g_02812
OG0000054	Syaf.g_02376	Syan.g_02503
OG0000055	Syaf.g_01402	Syan.g_00312
OG0000057	Syaf.g_01665	Syan.g_00643, Syan.g_02514
OG0000058	Syaf.g_00316	Syan.g_01128, Syan.g_01124
OG0000060	Syaf.g_02515, Syaf.g_02726, Syaf.g_01425	Syan.g_02856
OG0000060	Syaf.g_01603	Syan.g_00277
OG0000061	Syaf.g_01288	Syan.g_02696
OG0000062	Syaf.g_01055	Syan.g_01380
OG0000062	Syaf.g_02167	Syan.g_00098
OG0000063	Syaf.g_00457	Syan.g_01739
OG0000065	Syaf.g_00903	Syan.g_02974
OG0000066	Syaf.g_02643	Syan.g_01156
OG0000067	Syaf.g_02049	Syan.g_00690
OG0000068	Syaf.g_02733	Syan.g_00845, Syan.g_00257, Syan.g_02773
OG0000070	Syaf.g_01237	Syan.g_00289
OG0000071	Syaf.g_01254	Syan.g_01213
OG0000072	Syaf.g_00805	Syan.g_03038
OG0000073	Syaf.g_02700	Syan.g_02741
OG0000075	Syaf.g_00353	Syan.g_00981, Syan.g_01937
OG0000076	Syaf.g_00388	Syan.g_01896
OG0000078	Syaf.g_02782	Syan.g_01509, Syan.g_01510, Syan.g_02437
OG0000079	Syaf.g_00197	Syan.g_02079, Syan.g_02067, Syan.g_02085
OG0000082	Syaf.g_02576	Syan.g_00952
OG0000085	Syaf.g_01048	Syan.g_01387
OG0000086	Syaf.g_00932	Syan.g_02946, Syan.g_02515, Syan.g_00114
OG0000087	Syaf.g_00848	Syan.g_02268
OG0000088	Syaf.g_00811	Syan.g_03031
OG0000089	Syaf.g_02807	Syan.g_02316
OG0000090	Syaf.g_02654	Syan.g_01166
OG0000091	Syaf.g_02302	Syan.g_00235, Syan.g_00808
OG0000093	Syaf.g_02065	Syan.g_00708
OG0000093	Syaf.g_01775	Syan.g_02934
OG0000094	Syaf.g_01940	Syan.g_00353
OG0000095	Syaf.g_01442	Syan.g_00290
OG0000098	Syaf.g_01637	Syan.g_00043
OG0000099	Syaf.g_00312	Syan.g_01968
OG0000100	Syaf.g_02017	Syan.g_00658
OG0000102	Syaf.g_00393	Syan.g_01891
OG0000104	Syaf.g_00502	Syan.g_01792
OG0000105	Syaf.g_00235	Syan.g_02031
OG0000106	Syaf.g_01745	Syan.g_00076
OG0000107	Syaf.g_00177, Syaf.g_00758	Syan.g_02106
OG0000108	Syaf.g_02721	Syan.g_02764
OG0000110	Syaf.g_02589	Syan.g_00882
OG0000112	Syaf.g_01852	Syan.g_00556, Syan.g_00252
OG0000113	Syaf.g_02022	Syan.g_00664
OG0000114	Syaf.g_02103	Syan.g_00741
OG0000115	Syaf.g_02445	Syan.g_02810
OG0000116	Syaf.g_01276	Syan.g_02710, Syan.g_00460
OG0000117	Syaf.g_01605	Syan.g_02644
OG0000118	Syaf.g_02544	Syan.g_01241, Syan.g_01237
OG0000120	Syaf.g_00313	Syan.g_01966
OG0000121	Syaf.g_02419	Syan.g_01273
OG0000123	Syaf.g_00086	Syan.g_02190
OG0000124	Syaf.g_00414	Syan.g_01873
OG0000125	Syaf.g_00640	Syan.g_01573
OG0000126	Syaf.g_00504	Syan.g_01705
OG0000127	Syaf.g_01151	Syan.g_00162
OG0000128	Syaf.g_00486	Syan.g_01768
OG0000129	Syaf.g_00651	Syan.g_01563
OG0000130	Syaf.g_00963	Syan.g_02906, Syan.g_02907
OG0000131	Syaf.g_00833	Syan.g_03008
OG0000132	Syaf.g_00813	Syan.g_03029
OG0000133	Syaf.g_01857	Syan.g_00561
OG0000134	Syaf.g_02804	Syan.g_02319
OG0000135	Syaf.g_00605	Syan.g_01616
OG0000136	Syaf.g_01224	Syan.g_01342
OG0000137	Syaf.g_02498	Syan.g_02846
OG0000138	Syaf.g_02705	Syan.g_02747
OG0000140	Syaf.g_02646	Syan.g_00042
OG0000141	Syaf.g_02375	Syan.g_01032
OG0000142	Syaf.g_02310	Syan.g_00816
OG0000143	Syaf.g_02306	Syan.g_00812
OG0000144	Syaf.g_01735	Syan.g_00782
OG0000145	Syaf.g_02699	Syan.g_02740
OG0000146	Syaf.g_01851	Syan.g_00555, Syan.g_00253
OG0000147	Syaf.g_01850	Syan.g_00254, Syan.g_00554
OG0000148	Syaf.g_02028	Syan.g_00670
OG0000149	Syaf.g_01371	Syan.g_00393
OG0000150	Syaf.g_02645	Syan.g_01031
OG0000151	Syaf.g_02091	Syan.g_00731
OG0000152	Syaf.g_01861	Syan.g_00565
OG0000153	Syaf.g_01904	Syan.g_00601
OG0000154	Syaf.g_01930	Syan.g_00363
OG0000155	Syaf.g_01324	Syan.g_02654
OG0000156	Syaf.g_01270	Syan.g_02717
OG0000157	Syaf.g_01269	Syan.g_02718
OG0000158	Syaf.g_00364	Syan.g_01078, Syan.g_01926
OG0000159	Syaf.g_00311	Syan.g_01126
OG0000160	Syaf.g_02418	Syan.g_01274
OG0000161	Syaf.g_02424	Syan.g_01268
OG0000162	Syaf.g_02431	Syan.g_01059, Syan.g_01254, Syan.g_01330
OG0000163	Syaf.g_01105	Syan.g_02405
OG0000165	Syaf.g_01197	Syan.g_01448
OG0000166	Syaf.g_00133	Syan.g_02239
OG0000167	Syaf.g_00350	Syan.g_01941
OG0000168	Syaf.g_00365	Syan.g_01924, Syan.g_01121, Syan.g_01925
OG0000169	Syaf.g_00376	Syan.g_01912
OG0000170	Syaf.g_00383	Syan.g_01901
OG0000171	Syaf.g_00413	Syan.g_01875
OG0000172	Syaf.g_00419	Syan.g_01810
OG0000173	Syaf.g_00438	Syan.g_01720
OG0000174	Syaf.g_00603	Syan.g_01619
OG0000175	Syaf.g_00531	Syan.g_01678, Syan.g_00258
OG0000176	Syaf.g_00494	Syan.g_01801
OG0000177	Syaf.g_00493	Syan.g_01775
OG0000178	Syaf.g_00492	Syan.g_01774
OG0000179	Syaf.g_00477	Syan.g_01759
OG0000180	Syaf.g_00476	Syan.g_01758
OG0000181	Syaf.g_00475	Syan.g_01757
OG0000182	Syaf.g_00474	Syan.g_01756
OG0000183	Syaf.g_00470	Syan.g_01752
OG0000184	Syaf.g_00664	Syan.g_01549
OG0000185	Syaf.g_00684	Syan.g_01540
OG0000186	Syaf.g_00968	Syan.g_02902
OG0000187	Syaf.g_00966	Syan.g_02904
OG0000188	Syaf.g_00944	Syan.g_02926
OG0000189	Syaf.g_00916	Syan.g_02966
OG0000190	Syaf.g_00914	Syan.g_00971
OG0000191	Syaf.g_00877	Syan.g_02300
OG0000192	Syaf.g_00871	Syan.g_02294
OG0000193	Syaf.g_00832	Syan.g_03009
OG0000194	Syaf.g_00829	Syan.g_03012
OG0000196	Syaf.g_00816	Syan.g_03026
OG0000197	Syaf.g_00815	Syan.g_03027
OG0000198	Syaf.g_00814	Syan.g_03028
OG0000199	Syaf.g_00806	Syan.g_03037
OG0000200	Syaf.g_00789	Syan.g_03055
OG0000201	Syaf.g_00771	Syan.g_03074
OG0000202	Syaf.g_00770	Syan.g_03075
OG0000203	Syaf.g_00769	Syan.g_03076
OG0000204	Syaf.g_00768	Syan.g_03077
OG0000205	Syaf.g_00761	Syan.g_03087
OG0000206	Syaf.g_00736	Syan.g_03095
OG0000207	Syaf.g_00735	Syan.g_03100
OG0000208	Syaf.g_00734	Syan.g_03101
OG0000209	Syaf.g_00714	Syan.g_01521
OG0000210	Syaf.g_00713	Syan.g_01522
OG0000211	Syaf.g_02791	Syan.g_02416
OG0000212	Syaf.g_02781	Syan.g_01508, Syan.g_02438
OG0000213	Syaf.g_00210	Syan.g_02059
OG0000214	Syaf.g_00226	Syan.g_02040
OG0000215	Syaf.g_00258	Syan.g_02010
OG0000216	Syaf.g_00262	Syan.g_02006
OG0000217	Syaf.g_00266	Syan.g_02001
OG0000218	Syaf.g_00268	Syan.g_01999
OG0000219	Syaf.g_00269	Syan.g_01998
OG0000220	Syaf.g_00270	Syan.g_01997
OG0000221	Syaf.g_02597, Syaf.g_00273	Syan.g_01994
OG0000222	Syaf.g_00287	Syan.g_01981
OG0000223	Syaf.g_00317	Syan.g_00228
OG0000224	Syaf.g_00324	Syan.g_01959
OG0000225	Syaf.g_00007	Syan.g_02997
OG0000226	Syaf.g_00003	Syan.g_02990
OG0000227	Syaf.g_00001	Syan.g_02988
OG0000228	Syaf.g_02808	Syan.g_02315
OG0000229	Syaf.g_01214	Syan.g_02396
OG0000230	Syaf.g_01216	Syan.g_02398
OG0000231	Syaf.g_01236	Syan.g_01333
OG0000232	Syaf.g_02536	Syan.g_02801
OG0000233	Syaf.g_02528	Syan.g_02876
OG0000234	Syaf.g_02497	Syan.g_02844
OG0000235	Syaf.g_02722	Syan.g_02765
OG0000236	Syaf.g_02707	Syan.g_02749
OG0000237	Syaf.g_02690	Syan.g_02731
OG0000238	Syaf.g_02685	Syan.g_02726
OG0000239	Syaf.g_02669	Syan.g_01187
OG0000240	Syaf.g_02668	Syan.g_01186
OG0000241	Syaf.g_02322	Syan.g_00822
OG0000242	Syaf.g_02656	Syan.g_01168
OG0000243	Syaf.g_02634	Syan.g_00840
OG0000244	Syaf.g_02627	Syan.g_00848
OG0000245	Syaf.g_02625	Syan.g_00850
OG0000246	Syaf.g_02621	Syan.g_00854
OG0000247	Syaf.g_02610	Syan.g_00866
OG0000249	Syaf.g_02605	Syan.g_00871
OG0000250	Syaf.g_02593	Syan.g_00878
OG0000251	Syaf.g_02568	Syan.g_00961
OG0000252	Syaf.g_02565	Syan.g_00966
OG0000253	Syaf.g_02564	Syan.g_01000
OG0000254	Syaf.g_02371	Syan.g_01026
OG0000255	Syaf.g_02352	Syan.g_00978
OG0000256	Syaf.g_02329	Syan.g_00001, Syan.g_01135
OG0000257	Syaf.g_02323	Syan.g_00827
OG0000258	Syaf.g_02301	Syan.g_00803
OG0000259	Syaf.g_02137	Syan.g_00772
OG0000260	Syaf.g_02134	Syan.g_00769
OG0000261	Syaf.g_02131	Syan.g_00765
OG0000262	Syaf.g_02126	Syan.g_00760
OG0000263	Syaf.g_01585	Syan.g_02618
OG0000264	Syaf.g_01473	Syan.g_00540
OG0000266	Syaf.g_01967	Syan.g_00330
OG0000267	Syaf.g_01787	Syan.g_00470
OG0000268	Syaf.g_00307, Syaf.g_01788	Syan.g_00471
OG0000269	Syaf.g_02054	Syan.g_00695
OG0000270	Syaf.g_02051	Syan.g_00692
OG0000271	Syaf.g_02043	Syan.g_00684
OG0000272	Syaf.g_02042	Syan.g_00683
OG0000273	Syaf.g_01392	Syan.g_00654
OG0000274	Syaf.g_01391	Syan.g_00653
OG0000275	Syaf.g_01386	Syan.g_00373
OG0000276	Syaf.g_01379	Syan.g_00380
OG0000278	Syaf.g_01375	Syan.g_00384
OG0000279	Syaf.g_01367	Syan.g_00398
OG0000280	Syaf.g_01337	Syan.g_00518
OG0000282	Syaf.g_02101	Syan.g_00739
OG0000283	Syaf.g_01804	Syan.g_00491
OG0000284	Syaf.g_01810	Syan.g_00497
OG0000285	Syaf.g_01842	Syan.g_00533
OG0000286	Syaf.g_01860	Syan.g_00564
OG0000287	Syaf.g_01896	Syan.g_00593
OG0000288	Syaf.g_01929	Syan.g_00364
OG0000289	Syaf.g_01943	Syan.g_00350
OG0000290	Syaf.g_01439	Syan.g_00293
OG0000291	Syaf.g_01441	Syan.g_00291
OG0000292	Syaf.g_00505	Syan.g_01703
OG0000293	Syaf.g_01277	Syan.g_02709
OG0000295	Syaf.g_01316	Syan.g_02662
OG0000296	Syaf.g_01318	Syan.g_02660
OG0000299	Syaf.g_01578	Syan.g_02601
OG0000301	Syaf.g_01570	Syan.g_02592
OG0000302	Syaf.g_01568	Syan.g_02591
OG0000303	Syaf.g_01559	Syan.g_02582
OG0000304	Syaf.g_01551	Syan.g_02556
OG0000305	Syaf.g_01444	Syan.g_00195
OG0000306	Syaf.g_01332	Syan.g_00087
OG0000307	Syaf.g_02742	Syan.g_02782
OG0000308	Syaf.g_02744	Syan.g_02784
OG0000309	Syaf.g_02749	Syan.g_02883
OG0000310	Syaf.g_02387	Syan.g_01304
OG0000311	Syaf.g_02391	Syan.g_01299
OG0000312	Syaf.g_02397	Syan.g_01290
OG0000313	Syaf.g_02421	Syan.g_01271
OG0000314	Syaf.g_02458	Syan.g_02823
OG0000315	Syaf.g_02468	Syan.g_02833
OG0000316	Syaf.g_01088	Syan.g_01354
OG0000317	Syaf.g_01040	Syan.g_01396
OG0000318	Syaf.g_01032	Syan.g_01401
OG0000319	Syaf.g_01015	Syan.g_01425
OG0000320	Syaf.g_01013	Syan.g_01427
OG0000321	Syaf.g_01012	Syan.g_01428
OG0000322	Syaf.g_01011	Syan.g_01429
OG0000323	Syaf.g_00997	Syan.g_01442
OG0000324	Syaf.g_01164	Syan.g_01472
OG0000325	Syaf.g_00176	Syan.g_02107
OG0000327	Syaf.g_00138	Syan.g_02244
OG0000328	Syaf.g_00137	Syan.g_02243
OG0000329	Syaf.g_00119	Syan.g_02225
OG0000330	Syaf.g_00118	Syan.g_02224
OG0000331	Syaf.g_00117	Syan.g_02223
OG0000333	Syaf.g_00099	Syan.g_02205
OG0000334	Syaf.g_00090	Syan.g_00247, Syan.g_02194
OG0000335	Syaf.g_00085	Syan.g_02189
OG0000336	Syaf.g_00081	Syan.g_02185
OG0000337	Syaf.g_00344	Syan.g_01949
OG0000338	Syaf.g_00348	Syan.g_01943
OG0000339	Syaf.g_00355	Syan.g_01935, Syan.g_00264
OG0000340	Syaf.g_00366	Syan.g_01923
OG0000341	Syaf.g_00368	Syan.g_01921
OG0000342	Syaf.g_00369	Syan.g_01920
OG0000343	Syaf.g_00370	Syan.g_01918
OG0000344	Syaf.g_00374	Syan.g_01914
OG0000345	Syaf.g_00384	Syan.g_01900
OG0000346	Syaf.g_00389	Syan.g_01895
OG0000347	Syaf.g_00415	Syan.g_01867
OG0000348	Syaf.g_00427	Syan.g_01803
OG0000349	Syaf.g_00445	Syan.g_01727
OG0000350	Syaf.g_00162	Syan.g_02121
OG0000351	Syaf.g_00528	Syan.g_01682
OG0000352	Syaf.g_00527	Syan.g_01683
OG0000353	Syaf.g_00499	Syan.g_01795
OG0000354	Syaf.g_02680	Syan.g_02720
OG0000354	Syaf.g_00479	Syan.g_01761
OG0000355	Syaf.g_00497	Syan.g_01797
OG0000356	Syaf.g_00496	Syan.g_01798
OG0000357	Syaf.g_00495	Syan.g_01800
OG0000358	Syaf.g_00491	Syan.g_01773
OG0000359	Syaf.g_00489	Syan.g_01771
OG0000360	Syaf.g_00488	Syan.g_01770
OG0000361	Syaf.g_00487	Syan.g_01769
OG0000362	Syaf.g_00485	Syan.g_01767
OG0000363	Syaf.g_00483	Syan.g_01765
OG0000364	Syaf.g_00482	Syan.g_01398
OG0000365	Syaf.g_00473	Syan.g_01755
OG0000366	Syaf.g_00472	Syan.g_01754
OG0000367	Syaf.g_00471	Syan.g_01753
OG0000368	Syaf.g_00469	Syan.g_01751
OG0000369	Syaf.g_00468	Syan.g_01750
OG0000370	Syaf.g_00467	Syan.g_01749
OG0000371	Syaf.g_00458	Syan.g_01740
OG0000372	Syaf.g_00453	Syan.g_01734
OG0000373	Syaf.g_00452	Syan.g_01733
OG0000374	Syaf.g_00451	Syan.g_01732
OG0000375	Syaf.g_00449	Syan.g_01731
OG0000376	Syaf.g_00447	Syan.g_01729
OG0000377	Syaf.g_00654	Syan.g_01555
OG0000378	Syaf.g_00668	Syan.g_01543
OG0000379	Syaf.g_00686	Syan.g_01539
OG0000380	Syaf.g_00965	Syan.g_02905
OG0000381	Syaf.g_00962	Syan.g_02908
OG0000382	Syaf.g_00945	Syan.g_02925
OG0000383	Syaf.g_00941	Syan.g_02936
OG0000384	Syaf.g_00940	Syan.g_02937
OG0000385	Syaf.g_00939	Syan.g_02938
OG0000386	Syaf.g_00938	Syan.g_02939
OG0000387	Syaf.g_00912	Syan.g_00967
OG0000388	Syaf.g_00908	Syan.g_02970
OG0000389	Syaf.g_00904	Syan.g_02973
OG0000390	Syaf.g_00883	Syan.g_02306
OG0000391	Syaf.g_00878	Syan.g_02301
OG0000392	Syaf.g_00872	Syan.g_02295
OG0000393	Syaf.g_00870	Syan.g_02292
OG0000394	Syaf.g_00869	Syan.g_02291
OG0000395	Syaf.g_00868	Syan.g_02290
OG0000396	Syaf.g_00865	Syan.g_02287
OG0000397	Syaf.g_00863	Syan.g_02285
OG0000398	Syaf.g_00858	Syan.g_02279
OG0000399	Syaf.g_00857	Syan.g_02278
OG0000400	Syaf.g_00856	Syan.g_02277
OG0000401	Syaf.g_00855	Syan.g_02274
OG0000402	Syaf.g_00852	Syan.g_02272
OG0000403	Syaf.g_00851	Syan.g_02271
OG0000404	Syaf.g_00850	Syan.g_02269
OG0000405	Syaf.g_00835	Syan.g_03005
OG0000406	Syaf.g_00831	Syan.g_03010
OG0000407	Syaf.g_00830	Syan.g_03011
OG0000408	Syaf.g_00828	Syan.g_03013
OG0000409	Syaf.g_00826	Syan.g_03015
OG0000410	Syaf.g_00825	Syan.g_03016
OG0000411	Syaf.g_00824	Syan.g_03017
OG0000412	Syaf.g_00823	Syan.g_03018
OG0000413	Syaf.g_00821	Syan.g_03020
OG0000414	Syaf.g_00820	Syan.g_03021
OG0000415	Syaf.g_00819	Syan.g_03022
OG0000416	Syaf.g_00818	Syan.g_03023
OG0000417	Syaf.g_00817	Syan.g_03025
OG0000418	Syaf.g_00812	Syan.g_03030
OG0000419	Syaf.g_00810	Syan.g_03033
OG0000420	Syaf.g_00808	Syan.g_03035
OG0000421	Syaf.g_00803	Syan.g_03040
OG0000422	Syaf.g_00802	Syan.g_03041
OG0000423	Syaf.g_00801	Syan.g_03042
OG0000424	Syaf.g_00800	Syan.g_03043
OG0000425	Syaf.g_00799	Syan.g_03044
OG0000426	Syaf.g_00798	Syan.g_03045
OG0000427	Syaf.g_00797	Syan.g_03046
OG0000428	Syaf.g_00794	Syan.g_03049
OG0000429	Syaf.g_00792	Syan.g_03051
OG0000430	Syaf.g_00790	Syan.g_03053
OG0000431	Syaf.g_00786	Syan.g_03058
OG0000432	Syaf.g_00779	Syan.g_03065
OG0000433	Syaf.g_00777	Syan.g_03068
OG0000434	Syaf.g_00776	Syan.g_03069
OG0000435	Syaf.g_00772	Syan.g_03071
OG0000436	Syaf.g_00767	Syan.g_03079
OG0000437	Syaf.g_00766	Syan.g_03080
OG0000438	Syaf.g_00765	Syan.g_03083
OG0000439	Syaf.g_00763	Syan.g_03085
OG0000440	Syaf.g_00762	Syan.g_03086
OG0000441	Syaf.g_00756	Syan.g_03089
OG0000442	Syaf.g_00743	Syan.g_03090
OG0000443	Syaf.g_00739	Syan.g_03094
OG0000444	Syaf.g_00733	Syan.g_03102
OG0000445	Syaf.g_00729	Syan.g_03103
OG0000446	Syaf.g_00728	Syan.g_03105
OG0000447	Syaf.g_00725	Syan.g_03111
OG0000448	Syaf.g_00724	Syan.g_03112
OG0000449	Syaf.g_00723	Syan.g_03113
OG0000450	Syaf.g_00717	Syan.g_01518
OG0000451	Syaf.g_00716	Syan.g_01519
OG0000452	Syaf.g_00712	Syan.g_01523
OG0000453	Syaf.g_00711	Syan.g_01524
OG0000454	Syaf.g_00710	Syan.g_01525
OG0000455	Syaf.g_00709	Syan.g_01526
OG0000456	Syaf.g_00708	Syan.g_01527
OG0000457	Syaf.g_00706	Syan.g_01529
OG0000458	Syaf.g_00705	Syan.g_01530
OG0000459	Syaf.g_00704	Syan.g_01531
OG0000460	Syaf.g_02789	Syan.g_02423
OG0000461	Syaf.g_00183	Syan.g_02099
OG0000462	Syaf.g_00186	Syan.g_02096
OG0000463	Syaf.g_00187	Syan.g_02095
OG0000464	Syaf.g_00188	Syan.g_02094
OG0000465	Syaf.g_00190	Syan.g_02092
OG0000466	Syaf.g_00194	Syan.g_02087
OG0000467	Syaf.g_00196	Syan.g_02086
OG0000468	Syaf.g_00206	Syan.g_02063
OG0000469	Syaf.g_00220	Syan.g_02046
OG0000470	Syaf.g_00222	Syan.g_02044
OG0000471	Syaf.g_00223	Syan.g_02043
OG0000472	Syaf.g_00225	Syan.g_02041
OG0000473	Syaf.g_00227	Syan.g_02039
OG0000474	Syaf.g_00228	Syan.g_02038
OG0000475	Syaf.g_00229	Syan.g_02037
OG0000476	Syaf.g_00231	Syan.g_02035
OG0000477	Syaf.g_00237	Syan.g_02029
OG0000478	Syaf.g_00238	Syan.g_02028
OG0000479	Syaf.g_00239	Syan.g_02027
OG0000480	Syaf.g_00247	Syan.g_02020
OG0000481	Syaf.g_00249	Syan.g_00975
OG0000482	Syaf.g_00250	Syan.g_02018
OG0000483	Syaf.g_00254	Syan.g_02014
OG0000484	Syaf.g_00255	Syan.g_02013
OG0000485	Syaf.g_00256	Syan.g_02012
OG0000486	Syaf.g_00257	Syan.g_02011
OG0000487	Syaf.g_00263	Syan.g_02005
OG0000488	Syaf.g_00267	Syan.g_02000
OG0000489	Syaf.g_00274	Syan.g_01993
OG0000490	Syaf.g_00284	Syan.g_01985
OG0000491	Syaf.g_00285	Syan.g_01983
OG0000492	Syaf.g_00288	Syan.g_01980
OG0000493	Syaf.g_00289	Syan.g_01979
OG0000494	Syaf.g_00290	Syan.g_01978
OG0000495	Syaf.g_00291	Syan.g_01977
OG0000496	Syaf.g_00292	Syan.g_01976
OG0000497	Syaf.g_00293	Syan.g_01975
OG0000498	Syaf.g_00294	Syan.g_01974
OG0000499	Syaf.g_00295	Syan.g_01973
OG0000500	Syaf.g_00296	Syan.g_01972
OG0000501	Syaf.g_00299	Syan.g_01969
OG0000502	Syaf.g_00319	Syan.g_01961
OG0000503	Syaf.g_00023	Syan.g_02144
OG0000504	Syaf.g_00021	Syan.g_02142
OG0000505	Syaf.g_00020	Syan.g_02141
OG0000506	Syaf.g_00018	Syan.g_02139
OG0000507	Syaf.g_00012	Syan.g_02133
OG0000508	Syaf.g_00008	Syan.g_02998
OG0000509	Syaf.g_00006	Syan.g_02993
OG0000510	Syaf.g_00005	Syan.g_02992
OG0000511	Syaf.g_00004	Syan.g_02991
OG0000512	Syaf.g_00002	Syan.g_02989
OG0000513	Syaf.g_02803	Syan.g_02320
OG0000514	Syaf.g_02796	Syan.g_02326
OG0000515	Syaf.g_02795	Syan.g_02327
OG0000516	Syaf.g_01219	Syan.g_02389
OG0000517	Syaf.g_01213	Syan.g_02395
OG0000518	Syaf.g_01230	Syan.g_01336
OG0000519	Syaf.g_01231	Syan.g_01335
OG0000520	Syaf.g_01235	Syan.g_01334
OG0000521	Syaf.g_02542	Syan.g_02805
OG0000522	Syaf.g_02538	Syan.g_02803
OG0000523	Syaf.g_02537	Syan.g_02802
OG0000524	Syaf.g_02531	Syan.g_02878
OG0000525	Syaf.g_02507	Syan.g_02853
OG0000526	Syaf.g_02504	Syan.g_02852
OG0000527	Syaf.g_02500	Syan.g_02848
OG0000528	Syaf.g_02728	Syan.g_02767
OG0000529	Syaf.g_02720	Syan.g_02763
OG0000530	Syaf.g_02717	Syan.g_02760
OG0000531	Syaf.g_02716	Syan.g_02759
OG0000532	Syaf.g_02713	Syan.g_02756
OG0000533	Syaf.g_02712	Syan.g_02754
OG0000534	Syaf.g_02711	Syan.g_02753
OG0000535	Syaf.g_02710	Syan.g_02752
OG0000536	Syaf.g_02709	Syan.g_02751
OG0000537	Syaf.g_02708	Syan.g_02750
OG0000538	Syaf.g_02697	Syan.g_02738
OG0000539	Syaf.g_02696	Syan.g_02737
OG0000540	Syaf.g_02695	Syan.g_02736
OG0000541	Syaf.g_02694	Syan.g_02735
OG0000542	Syaf.g_02691	Syan.g_02732
OG0000543	Syaf.g_02689	Syan.g_02730
OG0000544	Syaf.g_02688	Syan.g_02729
OG0000545	Syaf.g_02686	Syan.g_02727
OG0000546	Syaf.g_02684	Syan.g_02725
OG0000547	Syaf.g_02682	Syan.g_02723
OG0000548	Syaf.g_02681	Syan.g_02722
OG0000549	Syaf.g_02676	Syan.g_01194
OG0000550	Syaf.g_02671	Syan.g_01189
OG0000551	Syaf.g_02666	Syan.g_01184
OG0000552	Syaf.g_02665	Syan.g_01183
OG0000553	Syaf.g_02663	Syan.g_01179
OG0000554	Syaf.g_02653	Syan.g_01165
OG0000555	Syaf.g_02635	Syan.g_00839
OG0000556	Syaf.g_02630	Syan.g_00842
OG0000557	Syaf.g_02628	Syan.g_00847
OG0000558	Syaf.g_02626	Syan.g_00849
OG0000559	Syaf.g_02622	Syan.g_00853
OG0000560	Syaf.g_02619	Syan.g_00856
OG0000561	Syaf.g_02618	Syan.g_00857
OG0000562	Syaf.g_02617	Syan.g_00858
OG0000563	Syaf.g_02616	Syan.g_00859
OG0000564	Syaf.g_02615	Syan.g_00860
OG0000565	Syaf.g_02612	Syan.g_00864
OG0000566	Syaf.g_02608	Syan.g_00868
OG0000567	Syaf.g_02604	Syan.g_00872
OG0000568	Syaf.g_02599	Syan.g_00874
OG0000569	Syaf.g_02596	Syan.g_00875
OG0000570	Syaf.g_02595	Syan.g_00876
OG0000571	Syaf.g_02591	Syan.g_00879
OG0000572	Syaf.g_02575	Syan.g_00954
OG0000573	Syaf.g_02567	Syan.g_00963
OG0000574	Syaf.g_02566	Syan.g_00965
OG0000575	Syaf.g_02562	Syan.g_01003
OG0000576	Syaf.g_02560	Syan.g_01007
OG0000577	Syaf.g_02559	Syan.g_01008
OG0000578	Syaf.g_02558	Syan.g_01009
OG0000579	Syaf.g_02557	Syan.g_01010
OG0000580	Syaf.g_02556	Syan.g_01011
OG0000581	Syaf.g_02550	Syan.g_01018
OG0000582	Syaf.g_02374	Syan.g_01030
OG0000583	Syaf.g_02373	Syan.g_01029
OG0000584	Syaf.g_02372	Syan.g_01028
OG0000585	Syaf.g_02370	Syan.g_01024
OG0000586	Syaf.g_02369	Syan.g_01022
OG0000587	Syaf.g_02367	Syan.g_01020
OG0000588	Syaf.g_02350	Syan.g_00215
OG0000589	Syaf.g_02340	Syan.g_00016
OG0000590	Syaf.g_02339	Syan.g_00015
OG0000591	Syaf.g_02331	Syan.g_00003
OG0000592	Syaf.g_02330	Syan.g_00002
OG0000593	Syaf.g_02314	Syan.g_00820
OG0000594	Syaf.g_02313	Syan.g_00819
OG0000595	Syaf.g_02312	Syan.g_00818
OG0000596	Syaf.g_02307	Syan.g_00813
OG0000597	Syaf.g_02304	Syan.g_00810
OG0000598	Syaf.g_02303	Syan.g_00809
OG0000599	Syaf.g_02300	Syan.g_00802
OG0000600	Syaf.g_02299	Syan.g_00801
OG0000601	Syaf.g_02298	Syan.g_00800
OG0000602	Syaf.g_02293	Syan.g_00796
OG0000603	Syaf.g_02292	Syan.g_00795
OG0000604	Syaf.g_02289	Syan.g_00792
OG0000605	Syaf.g_01734	Syan.g_00783
OG0000606	Syaf.g_02145	Syan.g_00780
OG0000607	Syaf.g_02142	Syan.g_00777
OG0000608	Syaf.g_02141	Syan.g_00776
OG0000609	Syaf.g_02139	Syan.g_00774
OG0000610	Syaf.g_02132	Syan.g_00766
OG0000611	Syaf.g_02129	Syan.g_00763
OG0000612	Syaf.g_02128	Syan.g_00762
OG0000613	Syaf.g_00315	Syan.g_01965
OG0000614	Syaf.g_01469	Syan.g_00184
OG0000615	Syaf.g_02085	Syan.g_00728
OG0000616	Syaf.g_00518	Syan.g_01694
OG0000617	Syaf.g_01975	Syan.g_00324
OG0000618	Syaf.g_01974	Syan.g_00325
OG0000619	Syaf.g_01973	Syan.g_00326
OG0000620	Syaf.g_01966	Syan.g_00331
OG0000621	Syaf.g_01965	Syan.g_00332
OG0000622	Syaf.g_01964	Syan.g_00334
OG0000623	Syaf.g_01963	Syan.g_00335
OG0000624	Syaf.g_01961	Syan.g_00337
OG0000625	Syaf.g_01960	Syan.g_00338
OG0000626	Syaf.g_01959	Syan.g_00339
OG0000627	Syaf.g_01782	Syan.g_00465
OG0000628	Syaf.g_01783	Syan.g_00466
OG0000629	Syaf.g_01786	Syan.g_00469
OG0000630	Syaf.g_01790	Syan.g_00474
OG0000631	Syaf.g_01801	Syan.g_00484
OG0000632	Syaf.g_01802	Syan.g_00485
OG0000633	Syaf.g_01803	Syan.g_00489
OG0000634	Syaf.g_02053	Syan.g_00694
OG0000635	Syaf.g_02052	Syan.g_00693
OG0000636	Syaf.g_02050	Syan.g_00691
OG0000637	Syaf.g_02048	Syan.g_00689
OG0000638	Syaf.g_02047	Syan.g_00688
OG0000639	Syaf.g_02046	Syan.g_00687
OG0000640	Syaf.g_02045	Syan.g_00686
OG0000641	Syaf.g_02041	Syan.g_00682
OG0000642	Syaf.g_02040	Syan.g_00681
OG0000643	Syaf.g_02038	Syan.g_00679
OG0000644	Syaf.g_02037	Syan.g_00678
OG0000645	Syaf.g_02035	Syan.g_00676
OG0000646	Syaf.g_02032	Syan.g_00673
OG0000647	Syaf.g_02030	Syan.g_00671
OG0000648	Syaf.g_02027	Syan.g_00669
OG0000649	Syaf.g_02026	Syan.g_00668
OG0000650	Syaf.g_02025	Syan.g_00667
OG0000651	Syaf.g_02024	Syan.g_00666
OG0000652	Syaf.g_02023	Syan.g_00665
OG0000653	Syaf.g_02021	Syan.g_00663
OG0000654	Syaf.g_02020	Syan.g_00661
OG0000655	Syaf.g_02019	Syan.g_00660
OG0000656	Syaf.g_02016	Syan.g_00656
OG0000657	Syaf.g_01384	Syan.g_00375
OG0000658	Syaf.g_01381	Syan.g_00378
OG0000659	Syaf.g_01380	Syan.g_00379
OG0000660	Syaf.g_01376	Syan.g_00383
OG0000662	Syaf.g_01372	Syan.g_00392
OG0000663	Syaf.g_01369	Syan.g_00395
OG0000664	Syaf.g_01368	Syan.g_00397
OG0000665	Syaf.g_00980	Syan.g_00788
OG0000666	Syaf.g_01733	Syan.g_02100
OG0000667	Syaf.g_01635	Syan.g_00044
OG0000668	Syaf.g_01928	Syan.g_00365
OG0000669	Syaf.g_02112	Syan.g_00751
OG0000670	Syaf.g_02769	Syan.g_00748
OG0000671	Syaf.g_02108	Syan.g_00746
OG0000672	Syaf.g_02105	Syan.g_00743
OG0000673	Syaf.g_02102	Syan.g_00740
OG0000674	Syaf.g_02100	Syan.g_00738
OG0000675	Syaf.g_02099	Syan.g_00737
OG0000676	Syaf.g_02097	Syan.g_00735
OG0000677	Syaf.g_02096	Syan.g_00734
OG0000678	Syaf.g_02092	Syan.g_00732
OG0000679	Syaf.g_02083	Syan.g_00724
OG0000680	Syaf.g_02082	Syan.g_00723
OG0000681	Syaf.g_02079	Syan.g_00720
OG0000682	Syaf.g_02078	Syan.g_00719
OG0000683	Syaf.g_02077	Syan.g_00718
OG0000684	Syaf.g_02072	Syan.g_00715
OG0000685	Syaf.g_02070	Syan.g_00713
OG0000686	Syaf.g_02069	Syan.g_00712
OG0000687	Syaf.g_02068	Syan.g_00711
OG0000688	Syaf.g_02063	Syan.g_00706
OG0000689	Syaf.g_02061	Syan.g_00704
OG0000690	Syaf.g_02060	Syan.g_00703
OG0000691	Syaf.g_02059	Syan.g_00702
OG0000692	Syaf.g_02058	Syan.g_00700
OG0000693	Syaf.g_02057	Syan.g_00698
OG0000694	Syaf.g_02056	Syan.g_00697
OG0000695	Syaf.g_01805	Syan.g_00492
OG0000696	Syaf.g_01806	Syan.g_00493
OG0000697	Syaf.g_01808	Syan.g_00495
OG0000698	Syaf.g_01811	Syan.g_00498
OG0000699	Syaf.g_01813	Syan.g_00500
OG0000700	Syaf.g_01814	Syan.g_00501
OG0000701	Syaf.g_01815	Syan.g_00502
OG0000702	Syaf.g_01843	Syan.g_00534
OG0000703	Syaf.g_01844	Syan.g_00546
OG0000704	Syaf.g_01846	Syan.g_00550
OG0000705	Syaf.g_01853	Syan.g_00557
OG0000706	Syaf.g_01854	Syan.g_00558
OG0000707	Syaf.g_01855	Syan.g_00559
OG0000708	Syaf.g_01858	Syan.g_00562
OG0000709	Syaf.g_01867	Syan.g_00570
OG0000710	Syaf.g_01878	Syan.g_00574
OG0000711	Syaf.g_01908	Syan.g_00607
OG0000712	Syaf.g_01910	Syan.g_00609
OG0000713	Syaf.g_01911	Syan.g_00610
OG0000714	Syaf.g_01913	Syan.g_00624
OG0000715	Syaf.g_01915	Syan.g_00626
OG0000716	Syaf.g_01919	Syan.g_00630
OG0000717	Syaf.g_01920	Syan.g_00631
OG0000718	Syaf.g_01924	Syan.g_00651
OG0000719	Syaf.g_01926	Syan.g_00367
OG0000720	Syaf.g_01939	Syan.g_00354
OG0000721	Syaf.g_01941	Syan.g_00352
OG0000722	Syaf.g_01942	Syan.g_00351
OG0000723	Syaf.g_01957	Syan.g_00341
OG0000724	Syaf.g_01418	Syan.g_00299
OG0000725	Syaf.g_01445	Syan.g_00194
OG0000726	Syaf.g_01446	Syan.g_00193
OG0000727	Syaf.g_01447	Syan.g_00192
OG0000728	Syaf.g_01449	Syan.g_00190
OG0000729	Syaf.g_00405	Syan.g_01885
OG0000730	Syaf.g_00026	Syan.g_02147
OG0000731	Syaf.g_00014	Syan.g_02135
OG0000732	Syaf.g_00444	Syan.g_01726
OG0000733	Syaf.g_00615	Syan.g_01147
OG0000734	Syaf.g_00895	Syan.g_02982
OG0000735	Syaf.g_01273	Syan.g_02713
OG0000736	Syaf.g_01274	Syan.g_02712
OG0000737	Syaf.g_01275	Syan.g_02711
OG0000738	Syaf.g_01280	Syan.g_02705
OG0000739	Syaf.g_01281	Syan.g_02704
OG0000740	Syaf.g_01282	Syan.g_02703
OG0000741	Syaf.g_01285	Syan.g_02700
OG0000742	Syaf.g_01287	Syan.g_02697
OG0000743	Syaf.g_01289	Syan.g_02694
OG0000744	Syaf.g_01290	Syan.g_02693
OG0000745	Syaf.g_01293	Syan.g_02690
OG0000746	Syaf.g_01295	Syan.g_02687
OG0000747	Syaf.g_01296	Syan.g_02685
OG0000748	Syaf.g_01307	Syan.g_02669
OG0000749	Syaf.g_01309	Syan.g_02668
OG0000750	Syaf.g_01310	Syan.g_02667
OG0000751	Syaf.g_01317	Syan.g_02661
OG0000752	Syaf.g_01319	Syan.g_02659
OG0000753	Syaf.g_01322	Syan.g_02656
OG0000754	Syaf.g_01611	Syan.g_02650
OG0000755	Syaf.g_01599	Syan.g_02641
OG0000756	Syaf.g_01598	Syan.g_02640
OG0000757	Syaf.g_01590	Syan.g_02623
OG0000758	Syaf.g_01589	Syan.g_02622
OG0000759	Syaf.g_01588	Syan.g_02621
OG0000760	Syaf.g_01587	Syan.g_02620
OG0000761	Syaf.g_01586	Syan.g_02619
OG0000762	Syaf.g_01584	Syan.g_02617
OG0000763	Syaf.g_01582	Syan.g_02615
OG0000764	Syaf.g_01581	Syan.g_02614
OG0000765	Syaf.g_01564	Syan.g_02587
OG0000766	Syaf.g_01563	Syan.g_02586
OG0000767	Syaf.g_01561	Syan.g_02584
OG0000768	Syaf.g_01560	Syan.g_02583
OG0000769	Syaf.g_01558	Syan.g_02581
OG0000770	Syaf.g_01553	Syan.g_02561
OG0000771	Syaf.g_01411	Syan.g_00305
OG0000772	Syaf.g_01705	Syan.g_00436
OG0000773	Syaf.g_01268	Syan.g_01199
OG0000774	Syaf.g_01263	Syan.g_01205
OG0000775	Syaf.g_01261	Syan.g_01207
OG0000776	Syaf.g_01260	Syan.g_01208
OG0000777	Syaf.g_01259	Syan.g_01209
OG0000778	Syaf.g_01258	Syan.g_01210
OG0000779	Syaf.g_01252	Syan.g_01215
OG0000780	Syaf.g_01249	Syan.g_01218
OG0000781	Syaf.g_01245	Syan.g_01222
OG0000782	Syaf.g_01244	Syan.g_01223
OG0000783	Syaf.g_01243	Syan.g_01224
OG0000784	Syaf.g_01242	Syan.g_01225
OG0000785	Syaf.g_01240	Syan.g_01228
OG0000786	Syaf.g_02546	Syan.g_01243
OG0000787	Syaf.g_02547	Syan.g_01244
OG0000788	Syaf.g_02297	Syan.g_00843
OG0000789	Syaf.g_01750	Syan.g_00075
OG0000790	Syaf.g_02738	Syan.g_02778
OG0000791	Syaf.g_02740	Syan.g_02780
OG0000792	Syaf.g_02741	Syan.g_02781
OG0000793	Syaf.g_02746	Syan.g_02879
OG0000794	Syaf.g_02747	Syan.g_02881
OG0000795	Syaf.g_02748	Syan.g_02882
OG0000796	Syaf.g_02752	Syan.g_02886
OG0000797	Syaf.g_02753	Syan.g_02888
OG0000798	Syaf.g_00240	Syan.g_02026
OG0000799	Syaf.g_02380	Syan.g_01310
OG0000800	Syaf.g_02383	Syan.g_01308
OG0000801	Syaf.g_02384	Syan.g_01307
OG0000802	Syaf.g_02388	Syan.g_01303
OG0000803	Syaf.g_02393	Syan.g_01294
OG0000804	Syaf.g_02396	Syan.g_01291
OG0000805	Syaf.g_02398	Syan.g_01289
OG0000806	Syaf.g_02405	Syan.g_01287
OG0000807	Syaf.g_02406	Syan.g_01286
OG0000808	Syaf.g_02407	Syan.g_01285
OG0000809	Syaf.g_02410	Syan.g_01281
OG0000810	Syaf.g_02411	Syan.g_01280
OG0000811	Syaf.g_02420	Syan.g_01272
OG0000812	Syaf.g_02422	Syan.g_01270
OG0000813	Syaf.g_02423	Syan.g_01269
OG0000814	Syaf.g_02425	Syan.g_01267
OG0000815	Syaf.g_02426	Syan.g_01249
OG0000816	Syaf.g_02428	Syan.g_01247
OG0000817	Syaf.g_02429	Syan.g_01328
OG0000818	Syaf.g_02442	Syan.g_02807
OG0000819	Syaf.g_02443	Syan.g_02808
OG0000820	Syaf.g_02444	Syan.g_02809
OG0000821	Syaf.g_02450	Syan.g_02815
OG0000822	Syaf.g_02452	Syan.g_02817
OG0000823	Syaf.g_02453	Syan.g_02818
OG0000824	Syaf.g_02459	Syan.g_02824
OG0000825	Syaf.g_02460	Syan.g_02825
OG0000826	Syaf.g_02461	Syan.g_02826
OG0000827	Syaf.g_02462	Syan.g_02827
OG0000828	Syaf.g_02465	Syan.g_02830
OG0000829	Syaf.g_02466	Syan.g_02831
OG0000830	Syaf.g_02467	Syan.g_02832
OG0000831	Syaf.g_02470	Syan.g_02834
OG0000832	Syaf.g_01109	Syan.g_02408
OG0000833	Syaf.g_01100	Syan.g_01343
OG0000834	Syaf.g_01098	Syan.g_01345
OG0000835	Syaf.g_01097	Syan.g_01346
OG0000836	Syaf.g_01093	Syan.g_01349
OG0000837	Syaf.g_01091	Syan.g_01351
OG0000838	Syaf.g_01087	Syan.g_01355
OG0000839	Syaf.g_01086	Syan.g_01356
OG0000840	Syaf.g_01085	Syan.g_01357
OG0000841	Syaf.g_01084	Syan.g_01358
OG0000842	Syaf.g_01083	Syan.g_01359
OG0000843	Syaf.g_01082	Syan.g_01360
OG0000844	Syaf.g_01080	Syan.g_01362
OG0000845	Syaf.g_01079	Syan.g_01363
OG0000846	Syaf.g_01078	Syan.g_01364
OG0000847	Syaf.g_01077	Syan.g_01365
OG0000848	Syaf.g_01075	Syan.g_01367
OG0000849	Syaf.g_01074	Syan.g_01368
OG0000850	Syaf.g_01072	Syan.g_01371
OG0000851	Syaf.g_01061	Syan.g_01374
OG0000852	Syaf.g_01060	Syan.g_01375
OG0000853	Syaf.g_01056	Syan.g_01379
OG0000854	Syaf.g_01054	Syan.g_01381
OG0000855	Syaf.g_01053	Syan.g_01382
OG0000856	Syaf.g_02328	Syan.g_01136
OG0000857	Syaf.g_02031	Syan.g_00672
OG0000858	Syaf.g_01047	Syan.g_01389
OG0000859	Syaf.g_01046	Syan.g_01390
OG0000860	Syaf.g_01031	Syan.g_01402
OG0000861	Syaf.g_01030	Syan.g_01403
OG0000862	Syaf.g_01029	Syan.g_01412
OG0000863	Syaf.g_01026	Syan.g_01414
OG0000864	Syaf.g_01025	Syan.g_00969
OG0000865	Syaf.g_01024	Syan.g_01415
OG0000866	Syaf.g_01023	Syan.g_01416
OG0000867	Syaf.g_01022	Syan.g_01417
OG0000868	Syaf.g_01019	Syan.g_01421
OG0000869	Syaf.g_01014	Syan.g_01426
OG0000870	Syaf.g_01009	Syan.g_01431
OG0000871	Syaf.g_01008	Syan.g_01432
OG0000872	Syaf.g_01001	Syan.g_01438
OG0000873	Syaf.g_00998	Syan.g_01441
OG0000874	Syaf.g_01002	Syan.g_01443
OG0000875	Syaf.g_00996	Syan.g_01445
OG0000876	Syaf.g_01198	Syan.g_00391
OG0000877	Syaf.g_01188	Syan.g_01449
OG0000878	Syaf.g_01187	Syan.g_01450
OG0000879	Syaf.g_01186	Syan.g_01451
OG0000880	Syaf.g_01185	Syan.g_01452
OG0000881	Syaf.g_01179	Syan.g_01457
OG0000882	Syaf.g_01174	Syan.g_01462
OG0000883	Syaf.g_01172	Syan.g_01464
OG0000884	Syaf.g_01170	Syan.g_01466
OG0000885	Syaf.g_01169	Syan.g_01467
OG0000886	Syaf.g_01168	Syan.g_01468
OG0000887	Syaf.g_01167	Syan.g_01469
OG0000888	Syaf.g_01165	Syan.g_01471
OG0000889	Syaf.g_01163	Syan.g_01473
OG0000890	Syaf.g_01157	Syan.g_01476
OG0000891	Syaf.g_01156	Syan.g_01477
OG0000892	Syaf.g_01154	Syan.g_01480
OG0000893	Syaf.g_00178	Syan.g_02103
OG0000894	Syaf.g_00175	Syan.g_02108
OG0000895	Syaf.g_00171	Syan.g_02112
OG0000896	Syaf.g_00170	Syan.g_02113
OG0000897	Syaf.g_00168	Syan.g_02115
OG0000898	Syaf.g_00167	Syan.g_02116
OG0000899	Syaf.g_00166	Syan.g_02117
OG0000900	Syaf.g_00165	Syan.g_02118
OG0000901	Syaf.g_00160	Syan.g_02123
OG0000902	Syaf.g_00158	Syan.g_02125
OG0000903	Syaf.g_00141	Syan.g_02252
OG0000904	Syaf.g_00146	Syan.g_02258
OG0000905	Syaf.g_00151	Syan.g_02129
OG0000906	Syaf.g_00154	Syan.g_02127
OG0000907	Syaf.g_00139	Syan.g_02245
OG0000908	Syaf.g_00136	Syan.g_02242
OG0000909	Syaf.g_00135	Syan.g_02241
OG0000910	Syaf.g_00134	Syan.g_02240
OG0000911	Syaf.g_00132	Syan.g_02238
OG0000912	Syaf.g_00131	Syan.g_02237
OG0000913	Syaf.g_00130	Syan.g_02236
OG0000914	Syaf.g_00129	Syan.g_02235
OG0000915	Syaf.g_00127	Syan.g_02233
OG0000916	Syaf.g_00126	Syan.g_02232
OG0000917	Syaf.g_00125	Syan.g_02231
OG0000918	Syaf.g_00124	Syan.g_02230
OG0000919	Syaf.g_00123	Syan.g_02229
OG0000920	Syaf.g_00122	Syan.g_02228
OG0000921	Syaf.g_00121	Syan.g_02227
OG0000922	Syaf.g_00120	Syan.g_02226
OG0000923	Syaf.g_00116	Syan.g_02222
OG0000924	Syaf.g_00115	Syan.g_02221
OG0000925	Syaf.g_00114	Syan.g_02220
OG0000926	Syaf.g_00113	Syan.g_02219
OG0000927	Syaf.g_00111	Syan.g_02217
OG0000928	Syaf.g_00110	Syan.g_02216
OG0000929	Syaf.g_00109	Syan.g_02215
OG0000930	Syaf.g_00108	Syan.g_02214
OG0000931	Syaf.g_00107	Syan.g_02213
OG0000932	Syaf.g_00106	Syan.g_02212
OG0000933	Syaf.g_00100	Syan.g_02206
OG0000934	Syaf.g_00098	Syan.g_02204
OG0000935	Syaf.g_00097	Syan.g_02203
OG0000936	Syaf.g_00096	Syan.g_02202
OG0000937	Syaf.g_00095	Syan.g_02201
OG0000938	Syaf.g_00092	Syan.g_02198
OG0000939	Syaf.g_00091	Syan.g_02197
OG0000940	Syaf.g_00084	Syan.g_02188
OG0000941	Syaf.g_00082	Syan.g_02186
OG0000942	Syaf.g_00080	Syan.g_02184
OG0000943	Syaf.g_00079	Syan.g_02183
OG0000944	Syaf.g_00077	Syan.g_02181
OG0000945	Syaf.g_00075	Syan.g_02180
OG0000946	Syaf.g_00070	Syan.g_02167
OG0000947	Syaf.g_00067	Syan.g_02164
OG0000948	Syaf.g_00066	Syan.g_02163
OG0000949	Syaf.g_00337	Syan.g_01951
OG0000950	Syaf.g_00351	Syan.g_01940
OG0000951	Syaf.g_00358	Syan.g_01932
OG0000952	Syaf.g_00363	Syan.g_01927
OG0000953	Syaf.g_00367	Syan.g_01922
OG0000954	Syaf.g_00372	Syan.g_01916
OG0000955	Syaf.g_00373	Syan.g_01915
OG0000956	Syaf.g_00375	Syan.g_01913
OG0000957	Syaf.g_00386	Syan.g_01898
OG0000958	Syaf.g_00387	Syan.g_01897
OG0000959	Syaf.g_00391	Syan.g_01893
OG0000960	Syaf.g_00392	Syan.g_01892
OG0000961	Syaf.g_00402	Syan.g_03024
OG0000962	Syaf.g_00404	Syan.g_01887
OG0000963	Syaf.g_00409	Syan.g_01881
OG0000964	Syaf.g_00410	Syan.g_01880
OG0000965	Syaf.g_00411	Syan.g_01879
OG0000966	Syaf.g_00421	Syan.g_01812
OG0000967	Syaf.g_00426	Syan.g_01804
OG0000968	Syaf.g_00417	Syan.g_01706
OG0000969	Syaf.g_00423	Syan.g_01708
OG0000970	Syaf.g_00424	Syan.g_01709
OG0000971	Syaf.g_00429	Syan.g_01711
OG0000972	Syaf.g_00430	Syan.g_01712
OG0000973	Syaf.g_00431	Syan.g_01713
OG0000974	Syaf.g_00432	Syan.g_01714
OG0000975	Syaf.g_00433	Syan.g_01715
OG0000976	Syaf.g_00434	Syan.g_01716
OG0000977	Syaf.g_00436	Syan.g_01718
OG0000978	Syaf.g_00437	Syan.g_01719
OG0000979	Syaf.g_00440	Syan.g_01722
OG0000980	Syaf.g_00443	Syan.g_01725
OG0000981	Syaf.g_00446	Syan.g_01728
OG0000982	Syaf.g_00645	Syan.g_01566
OG0000983	Syaf.g_00644	Syan.g_01567
OG0000984	Syaf.g_00643	Syan.g_01568
OG0000985	Syaf.g_00641	Syan.g_01572
OG0000986	Syaf.g_00639	Syan.g_01574
OG0000987	Syaf.g_00637	Syan.g_01576
OG0000988	Syaf.g_00633	Syan.g_01581
OG0000989	Syaf.g_00624	Syan.g_01587
OG0000990	Syaf.g_00606	Syan.g_01615
OG0000991	Syaf.g_00604	Syan.g_01618
OG0000992	Syaf.g_00601	Syan.g_01622
OG0000993	Syaf.g_00600	Syan.g_01623
OG0000994	Syaf.g_00597	Syan.g_01625
OG0000995	Syaf.g_00592	Syan.g_01629
OG0000996	Syaf.g_00543	Syan.g_01653
OG0000997	Syaf.g_00532	Syan.g_01677
OG0000998	Syaf.g_00530	Syan.g_01679
OG0000999	Syaf.g_00529	Syan.g_01680
OG0001000	Syaf.g_00526	Syan.g_01684
OG0001001	Syaf.g_00521	Syan.g_01690
OG0001002	Syaf.g_00515	Syan.g_01697
OG0001003	Syaf.g_00514	Syan.g_01699
OG0001004	Syaf.g_00513	Syan.g_01700
OG0001005	Syaf.g_00510	Syan.g_01701
OG0001006	Syaf.g_00500	Syan.g_01794
OG0001007	Syaf.g_00498	Syan.g_01796
OG0001008	Syaf.g_01215	Syan.g_02397
OG0001009	Syaf.g_00466	Syan.g_01748
OG0001010	Syaf.g_00465	Syan.g_01747
OG0001011	Syaf.g_00463	Syan.g_01745
OG0001012	Syaf.g_00649	Syan.g_00281
OG0001013	Syaf.g_00669	Syan.g_01542
OG0001014	Syaf.g_00691	Syan.g_01535
OG0001015	Syaf.g_00692	Syan.g_01534
OG0001016	Syaf.g_00958	Syan.g_02912
OG0001017	Syaf.g_00952	Syan.g_02918
OG0001018	Syaf.g_00950	Syan.g_02920
OG0001019	Syaf.g_00931	Syan.g_02947
OG0001020	Syaf.g_00926	Syan.g_02951
OG0001021	Syaf.g_00922	Syan.g_02958
OG0001022	Syaf.g_00918	Syan.g_02964
OG0001023	Syaf.g_00917	Syan.g_02965
OG0001024	Syaf.g_00913	Syan.g_00968
OG0001025	Syaf.g_00906	Syan.g_02971
OG0001026	Syaf.g_00893	Syan.g_02984
OG0001027	Syaf.g_00884	Syan.g_02308
OG0001028	Syaf.g_00882	Syan.g_02305
OG0001029	Syaf.g_00880	Syan.g_02303
OG0001030	Syaf.g_00860	Syan.g_02281
OG0001031	Syaf.g_00784	Syan.g_03060
OG0001032	Syaf.g_00781	Syan.g_03063
OG0001034	Syaf.g_02787	Syan.g_02425
OG0001035	Syaf.g_00207	Syan.g_02062
OG0001036	Syaf.g_00212	Syan.g_02056
OG0001037	Syaf.g_00214	Syan.g_02054
OG0001038	Syaf.g_00242	Syan.g_02025
OG0001039	Syaf.g_00245	Syan.g_02022
OG0001040	Syaf.g_00248	Syan.g_02019
OG0001041	Syaf.g_00253	Syan.g_02015
OG0001042	Syaf.g_00275	Syan.g_01992
OG0001043	Syaf.g_00279	Syan.g_01988
OG0001044	Syaf.g_00024	Syan.g_02145
OG0001045	Syaf.g_00011	Syan.g_02132
OG0001046	Syaf.g_01894	Syan.g_00591
OG0001047	Syaf.g_01217	Syan.g_02399
OG0001048	Syaf.g_01218	Syan.g_02400
OG0001049	Syaf.g_01226	Syan.g_01340
OG0001050	Syaf.g_01227	Syan.g_01339
OG0001051	Syaf.g_01228	Syan.g_01338
OG0001052	Syaf.g_02502	Syan.g_02850
OG0001053	Syaf.g_02718	Syan.g_02761
OG0001054	Syaf.g_02701	Syan.g_02742
OG0001056	Syaf.g_02649	Syan.g_01161
OG0001057	Syaf.g_02638	Syan.g_00832
OG0001058	Syaf.g_02624	Syan.g_00851
OG0001059	Syaf.g_02620	Syan.g_00855
OG0001060	Syaf.g_02614	Syan.g_00861
OG0001061	Syaf.g_02590	Syan.g_00880
OG0001063	Syaf.g_02583	Syan.g_00945
OG0001064	Syaf.g_02582	Syan.g_00946
OG0001065	Syaf.g_02581	Syan.g_00947
OG0001066	Syaf.g_02580	Syan.g_00948
OG0001067	Syaf.g_02579	Syan.g_00949
OG0001068	Syaf.g_02578	Syan.g_00950
OG0001069	Syaf.g_02577	Syan.g_00951
OG0001070	Syaf.g_02574	Syan.g_00955
OG0001071	Syaf.g_02573	Syan.g_00956
OG0001072	Syaf.g_02569	Syan.g_00960
OG0001073	Syaf.g_02555	Syan.g_01012
OG0001074	Syaf.g_02365	Syan.g_00202
OG0001075	Syaf.g_02363	Syan.g_00200
OG0001076	Syaf.g_02337	Syan.g_00012
OG0001077	Syaf.g_02325	Syan.g_01140
OG0001078	Syaf.g_02309	Syan.g_00815
OG0001079	Syaf.g_02296	Syan.g_00799
OG0001080	Syaf.g_01740	Syan.g_00781
OG0001081	Syaf.g_02144	Syan.g_00779
OG0001082	Syaf.g_02143	Syan.g_00778
OG0001083	Syaf.g_02136	Syan.g_00771
OG0001084	Syaf.g_02135	Syan.g_00770
OG0001086	Syaf.g_02123	Syan.g_00757
OG0001087	Syaf.g_01482	Syan.g_01159
OG0001088	Syaf.g_01478	Syan.g_02688
OG0001089	Syaf.g_01453	Syan.g_00185
OG0001090	Syaf.g_01981	Syan.g_00317
OG0001091	Syaf.g_01979	Syan.g_00320
OG0001092	Syaf.g_01977	Syan.g_00322
OG0001093	Syaf.g_01971	Syan.g_00328
OG0001094	Syaf.g_02055	Syan.g_00696
OG0001095	Syaf.g_02034	Syan.g_00675
OG0001096	Syaf.g_02018	Syan.g_00659
OG0001097	Syaf.g_01373	Syan.g_00386
OG0001099	Syaf.g_00881	Syan.g_02304
OG0001100	Syaf.g_02110	Syan.g_00749
OG0001101	Syaf.g_02109	Syan.g_00747
OG0001102	Syaf.g_02106	Syan.g_00744
OG0001103	Syaf.g_02104	Syan.g_00742
OG0001104	Syaf.g_02071	Syan.g_00714
OG0001106	Syaf.g_01847	Syan.g_00551
OG0001107	Syaf.g_01859	Syan.g_00563
OG0001108	Syaf.g_01868	Syan.g_00571
OG0001109	Syaf.g_01877	Syan.g_00573
OG0001110	Syaf.g_01879	Syan.g_00575
OG0001111	Syaf.g_01881	Syan.g_00577
OG0001112	Syaf.g_01883	Syan.g_00579
OG0001113	Syaf.g_01884	Syan.g_00580
OG0001114	Syaf.g_01885	Syan.g_00581
OG0001115	Syaf.g_01889	Syan.g_00586
OG0001116	Syaf.g_01891	Syan.g_00588
OG0001117	Syaf.g_01892	Syan.g_00589
OG0001118	Syaf.g_01893	Syan.g_00590
OG0001119	Syaf.g_01895	Syan.g_00592
OG0001120	Syaf.g_01899	Syan.g_00597
OG0001122	Syaf.g_01927	Syan.g_00366
OG0001123	Syaf.g_01934	Syan.g_00359
OG0001124	Syaf.g_01936	Syan.g_00357
OG0001125	Syaf.g_01938	Syan.g_00355
OG0001126	Syaf.g_01409	Syan.g_00307
OG0001127	Syaf.g_01410	Syan.g_00306
OG0001128	Syaf.g_01413	Syan.g_00303
OG0001129	Syaf.g_01415	Syan.g_00301
OG0001130	Syaf.g_01416	Syan.g_00300
OG0001131	Syaf.g_02090	Syan.g_00079
OG0001132	Syaf.g_01722	Syan.g_00100
OG0001133	Syaf.g_02334	Syan.g_00006
OG0001134	Syaf.g_01616	Syan.g_01146
OG0001135	Syaf.g_01618	Syan.g_02542
OG0001136	Syaf.g_01286	Syan.g_02699
OG0001137	Syaf.g_01306	Syan.g_02670
OG0001138	Syaf.g_01596	Syan.g_02638
OG0001139	Syaf.g_01594	Syan.g_02636
OG0001140	Syaf.g_01593	Syan.g_02635
OG0001141	Syaf.g_01592	Syan.g_02625
OG0001142	Syaf.g_01591	Syan.g_02624
OG0001143	Syaf.g_01583	Syan.g_02616
OG0001144	Syaf.g_01573	Syan.g_02596
OG0001145	Syaf.g_01267	Syan.g_01200
OG0001146	Syaf.g_01248	Syan.g_01219
OG0001147	Syaf.g_02489	Syan.g_02842
OG0001148	Syaf.g_02735	Syan.g_02775
OG0001149	Syaf.g_02736	Syan.g_02776
OG0001150	Syaf.g_02737	Syan.g_02777
OG0001151	Syaf.g_02750	Syan.g_02884
OG0001152	Syaf.g_02751	Syan.g_02885
OG0001153	Syaf.g_02463	Syan.g_02828
OG0001154	Syaf.g_02464	Syan.g_02829
OG0001156	Syaf.g_01104	Syan.g_02404
OG0001157	Syaf.g_01103	Syan.g_02403
OG0001158	Syaf.g_01102	Syan.g_02402
OG0001159	Syaf.g_01101	Syan.g_02401
OG0001160	Syaf.g_01058	Syan.g_01377
OG0001161	Syaf.g_00617	Syan.g_01594
OG0001162	Syaf.g_02015	Syan.g_02943
OG0001163	Syaf.g_01050	Syan.g_01385
OG0001164	Syaf.g_01044	Syan.g_01392
OG0001165	Syaf.g_01039	Syan.g_01397
OG0001166	Syaf.g_01010	Syan.g_01430
OG0001167	Syaf.g_01182	Syan.g_00992
OG0001168	Syaf.g_01180	Syan.g_01456
OG0001169	Syaf.g_01178	Syan.g_01458
OG0001170	Syaf.g_01176	Syan.g_01460
OG0001171	Syaf.g_01166	Syan.g_01470
OG0001172	Syaf.g_00173	Syan.g_02110
OG0001173	Syaf.g_00172	Syan.g_02111
OG0001174	Syaf.g_00164	Syan.g_02119
OG0001175	Syaf.g_00163	Syan.g_02120
OG0001176	Syaf.g_00142	Syan.g_02253
OG0001177	Syaf.g_00144	Syan.g_02256
OG0001179	Syaf.g_00112	Syan.g_02218
OG0001180	Syaf.g_00087	Syan.g_02191
OG0001181	Syaf.g_00083	Syan.g_02187
OG0001182	Syaf.g_00074	Syan.g_02179
OG0001184	Syaf.g_00360	Syan.g_01929
OG0001185	Syaf.g_00382	Syan.g_01902
OG0001186	Syaf.g_00418	Syan.g_01864
OG0001187	Syaf.g_00422	Syan.g_01811
OG0001188	Syaf.g_00425	Syan.g_01806
OG0001189	Syaf.g_00441	Syan.g_01723
OG0001190	Syaf.g_00646	Syan.g_01565
OG0001191	Syaf.g_00635	Syan.g_01578
OG0001192	Syaf.g_00630	Syan.g_01585
OG0001193	Syaf.g_00596	Syan.g_01626
OG0001194	Syaf.g_00594	Syan.g_01627
OG0001195	Syaf.g_00593	Syan.g_01628
OG0001196	Syaf.g_00519	Syan.g_01693
OG0001197	Syaf.g_00517	Syan.g_01695
OG0001198	Syaf.g_00501	Syan.g_01793
OG0001199	Syaf.g_00957	Syan.g_02913
OG0001200	Syaf.g_00955	Syan.g_02915
OG0001201	Syaf.g_00902	Syan.g_02975
OG0001202	Syaf.g_00764	Syan.g_03084
OG0001203	Syaf.g_02785	Syan.g_02426
OG0001204	Syaf.g_00185	Syan.g_02097
OG0001205	Syaf.g_01229	Syan.g_01337
OG0001206	Syaf.g_02530	Syan.g_02880
OG0001207	Syaf.g_02732	Syan.g_02772
OG0001208	Syaf.g_02719	Syan.g_02762
OG0001209	Syaf.g_02651	Syan.g_01163
OG0001210	Syaf.g_02642	Syan.g_00830
OG0001211	Syaf.g_02623	Syan.g_00852
OG0001212	Syaf.g_02563	Syan.g_01002
OG0001213	Syaf.g_02324	Syan.g_01141
OG0001214	Syaf.g_02308	Syan.g_00814
OG0001215	Syaf.g_01477	Syan.g_00539
OG0001216	Syaf.g_01980	Syan.g_00319
OG0001217	Syaf.g_02237	Syan.g_00617
OG0001218	Syaf.g_02473	Syan.g_02837
OG0001219	Syaf.g_01796	Syan.g_00477
OG0001220	Syaf.g_01335	Syan.g_00203
OG0001221	Syaf.g_02087	Syan.g_01446
OG0001222	Syaf.g_01848	Syan.g_00552
OG0001223	Syaf.g_01902	Syan.g_00599
OG0001224	Syaf.g_01438	Syan.g_00294
OG0001225	Syaf.g_01440	Syan.g_00292
OG0001226	Syaf.g_02262	Syan.g_02922
OG0001227	Syaf.g_00614	Syan.g_00940
OG0001228	Syaf.g_01223	Syan.g_01938
OG0001229	Syaf.g_01464	Syan.g_02631
OG0001230	Syaf.g_02404	Syan.g_01288
OG0001231	Syaf.g_00481	Syan.g_01764
OG0001232	Syaf.g_01000	Syan.g_01439
OG0001234	Syaf.g_00159	Syan.g_01995
OG0001235	Syaf.g_00150	Syan.g_02130
OG0001236	Syaf.g_00357	Syan.g_01933
OG0001237	Syaf.g_00362	Syan.g_01928
OG0001239	Syaf.g_00960	Syan.g_02910
OG0001240	Syaf.g_00919	Syan.g_02963
OG0001242	Syaf.g_00874	Syan.g_02297
OG0001243	Syaf.g_00867	Syan.g_02289
OG0001244	Syaf.g_00836	Syan.g_03004
OG0001246	Syaf.g_02693	Syan.g_02734
OG0001247	Syaf.g_02004	Syan.g_00199
OG0001250	Syaf.g_01377	Syan.g_00382
OG0001251	Syaf.g_00588	Syan.g_00490
OG0001252	Syaf.g_01412	Syan.g_00304
OG0001254	Syaf.g_01617	Syan.g_01148
OG0001256	Syaf.g_01051	Syan.g_01384
OG0001258	Syaf.g_01041	Syan.g_01395
OG0001259	Syaf.g_01177	Syan.g_01459
OG0001260	Syaf.g_01155	Syan.g_01478
OG0001261	Syaf.g_00103	Syan.g_02209
OG0001262	Syaf.g_00439	Syan.g_01721
OG0001263	Syaf.g_00864	Syan.g_02286
OG0001264	Syaf.g_01234	Syan.g_02949
OG0001265	Syaf.g_00876	Syan.g_02299
OG0001266	Syaf.g_00760	Syan.g_03088
OG0001267	Syaf.g_00244	Syan.g_02023
OG0001268	Syaf.g_00017	Syan.g_02138
OG0001270	Syaf.g_01210	Syan.g_02393
OG0001271	Syaf.g_02501	Syan.g_02849
OG0001272	Syaf.g_02715	Syan.g_02758
OG0001274	Syaf.g_00707	Syan.g_01528
OG0001275	Syaf.g_01917	Syan.g_00628
OG0001276	Syaf.g_01933	Syan.g_00360
OG0001277	Syaf.g_00533	Syan.g_00007
OG0001278	Syaf.g_01562	Syan.g_02585
OG0001279	Syaf.g_02385	Syan.g_01306
OG0001281	Syaf.g_01247	Syan.g_01220
OG0001282	Syaf.g_02734	Syan.g_02774
OG0001283	Syaf.g_02414, Syaf.g_00524	Syan.g_01687
OG0001284	Syaf.g_01073	Syan.g_01369
OG0001285	Syaf.g_00568	Syan.g_00977
OG0001286	Syaf.g_00089	Syan.g_02193
OG0001287	Syaf.g_00390	Syan.g_01894
OG0001289	Syaf.g_00935	Syan.g_02942
OG0001291	Syaf.g_00853	Syan.g_02273
OG0001292	Syaf.g_00191	Syan.g_02091
OG0001293	Syaf.g_00217	Syan.g_02051
OG0001294	Syaf.g_02124	Syan.g_00758
OG0001295	Syaf.g_02637	Syan.g_00836
OG0001296	Syaf.g_02687	Syan.g_02728
OG0001297	Syaf.g_02683	Syan.g_02724
OG0001298	Syaf.g_02584	Syan.g_00944
OG0001299	Syaf.g_02130	Syan.g_00764
OG0001303	Syaf.g_01798	Syan.g_00479
OG0001304	Syaf.g_01950	Syan.g_00345
OG0001305	Syaf.g_01448	Syan.g_00191
OG0001306	Syaf.g_01272	Syan.g_02714
OG0001308	Syaf.g_02427	Syan.g_01248
OG0001309	Syaf.g_02678	Syan.g_01196
OG0001310	Syaf.g_01018	Syan.g_01422
OG0001311	Syaf.g_01935	Syan.g_00358
OG0001312	Syaf.g_01809	Syan.g_00496
OG0001314	Syaf.g_01531, Syaf.g_01991, Syaf.g_02275	Syan.g_00634, Syan.g_02331, Syan.g_02544, Syan.g_02470
OG0001315	Syaf.g_00071	Syan.g_02168
OG0001317	Syaf.g_02790	Syan.g_02422
OG0001318	Syaf.g_00209	Syan.g_02060
OG0001319	Syaf.g_00232	Syan.g_02034
OG0001323	Syaf.g_02675	Syan.g_01193
OG0001325	Syaf.g_01976	Syan.g_00323
OG0001326	Syaf.g_00578	Syan.g_01636
OG0001327	Syaf.g_02116	Syan.g_00753
OG0001328	Syaf.g_02094	Syan.g_02675
OG0001329	Syaf.g_02285	Syan.g_00838
OG0001330	Syaf.g_01264	Syan.g_01202
OG0001331	Syaf.g_02739	Syan.g_02779
OG0001333	Syaf.g_01181	Syan.g_01455
OG0001336	Syaf.g_00523	Syan.g_01688
OG0001337	Syaf.g_00063, Syaf.g_00040	Syan.g_02151
OG0001341	Syaf.g_01463	Syan.g_00524
OG0001345	Syaf.g_01323	Syan.g_02655
OG0001346	Syaf.g_01253	Syan.g_01214
OG0001347	Syaf.g_02400	Syan.g_01852
OG0001349	Syaf.g_00995	Syan.g_01131
OG0001351	Syaf.g_02539	Syan.g_02804
OG0001353	Syaf.g_01388	Syan.g_00372
OG0001354	Syaf.g_01888	Syan.g_00585
OG0001356	Syaf.g_01397	Syan.g_00067
OG0001357	Syaf.g_01769, Syaf.g_01068, Syaf.g_01131, Syaf.g_01827	Syan.g_01250
OG0001358	Syaf.g_02341	Syan.g_00017
OG0001360	Syaf.g_01325	Syan.g_02653
OG0001361	Syaf.g_01320	Syan.g_02658
OG0001364	Syaf.g_00338	Syan.g_01950
OG0001366	Syaf.g_01007	Syan.g_00175
OG0001368	Syaf.g_00184	Syan.g_02098
OG0001371	Syaf.g_00397	Syan.g_02927, Syan.g_02928
OG0001373	Syaf.g_00579	Syan.g_01635
OG0001374	Syaf.g_00571	Syan.g_01644
OG0001376	Syaf.g_00626	Syan.g_00511
OG0001377	Syaf.g_00627	Syan.g_00510
OG0001378	Syaf.g_01209	Syan.g_02392
OG0001379	Syaf.g_01262	Syan.g_01206
OG0001380	Syaf.g_02247	Syan.g_00442
OG0001385	Syaf.g_00582	Syan.g_01632
OG0001386	Syaf.g_00581	Syan.g_01633
OG0001387	Syaf.g_00580	Syan.g_01634
OG0001388	Syaf.g_00577	Syan.g_01637
OG0001389	Syaf.g_00576	Syan.g_01639
OG0001390	Syaf.g_00575	Syan.g_01640
OG0001391	Syaf.g_00574	Syan.g_01641
OG0001392	Syaf.g_00573	Syan.g_01642
OG0001393	Syaf.g_00572	Syan.g_01643
OG0001394	Syaf.g_02081	Syan.g_00722
OG0001395	Syaf.g_01958	Syan.g_00340
OG0001396	Syaf.g_02399	Syan.g_01851
OG0001398	Syaf.g_01758	Syan.g_02932
OG0001400	Syaf.g_00839, Syaf.g_01506	Syan.g_02263
OG0001401	Syaf.g_01383	Syan.g_00376
OG0001402	Syaf.g_02336	Syan.g_00011
OG0001404	Syaf.g_00964	Syan.g_00343
OG0001406	Syaf.g_00625	Syan.g_00512
OG0001407	Syaf.g_02660	Syan.g_00455
OG0001408	Syaf.g_01546	Syan.g_00073
OG0001411	Syaf.g_00310	Syan.g_01125
OG0001412	Syaf.g_02401	Syan.g_01853
OG0001413	Syaf.g_02344	Syan.g_00029
OG0001416	Syaf.g_01250	Syan.g_00103
OG0001417	Syaf.g_01887	Syan.g_00583
OG0001419	Syaf.g_02659	Syan.g_00454
OG0001420	Syaf.g_02664	Syan.g_01180
OG0001425	Syaf.g_00631	Syan.g_01584
OG0001426	Syaf.g_01542	Syan.g_01058
OG0001428	Syaf.g_00804	Syan.g_03039
OG0001432	Syaf.g_01492	Syan.g_00092
OG0001433	Syaf.g_01398	Syan.g_00245
OG0001435	Syaf.g_02107	Syan.g_00745
OG0001438	Syaf.g_00259	Syan.g_02009
OG0001439	Syaf.g_00283	Syan.g_01986
OG0001441	Syaf.g_02673	Syan.g_01191
OG0001442	Syaf.g_02066	Syan.g_00709
OG0001443	Syaf.g_00621	Syan.g_01590
OG0001444	Syaf.g_00401	Syan.g_02956
OG0001444	Syaf.g_00924	Syan.g_02954
OG0001447	Syaf.g_00866	Syan.g_02288
OG0001449	Syaf.g_00182	Syan.g_02058
OG0001452	Syaf.g_00204	Syan.g_02066
OG0001453	Syaf.g_01909	Syan.g_00608
OG0001454	Syaf.g_02263	Syan.g_00418
OG0001456	Syaf.g_00561	Syan.g_01646
OG0001457	Syaf.g_00560	Syan.g_01647
OG0001458	Syaf.g_00559	Syan.g_01648
OG0001459	Syaf.g_01643	Syan.g_02343
OG0001460	Syaf.g_01399	Syan.g_00244
OG0001461	Syaf.g_01633	Syan.g_00657
OG0001462	Syaf.g_00455	Syan.g_01737
OG0001467	Syaf.g_02280	Syan.g_00107
OG0001471	Syaf.g_00276	Syan.g_01991
OG0001473	Syaf.g_02282	Syan.g_00133
OG0001474	Syaf.g_00016	Syan.g_02137
OG0001475	Syaf.g_01204	Syan.g_01833
OG0001476	Syaf.g_01302	Syan.g_00283
OG0001478	Syaf.g_02516	Syan.g_02859
OG0001479	Syaf.g_00019	Syan.g_02140
OG0001480	Syaf.g_01334	Syan.g_00072
OG0001487	Syaf.g_02472	Syan.g_02836
OG0001488	Syaf.g_01311	Syan.g_02666
OG0001489	Syaf.g_00078	Syan.g_02182
OG0001492	Syaf.g_01565	Syan.g_02588
OG0001493	Syaf.g_01555	Syan.g_02578
OG0001495	Syaf.g_00145	Syan.g_02257
OG0001496	Syaf.g_01459	Syan.g_01154
OG0001497	Syaf.g_01458	Syan.g_01155
OG0001498	Syaf.g_02806	Syan.g_02317
OG0001502	Syaf.g_01341	Syan.g_00401
OG0001504	Syaf.g_01642	Syan.g_02344
OG0001507	Syaf.g_01664	Syan.g_02695
OG0001508	Syaf.g_01207	Syan.g_01814
OG0001510	Syaf.g_00394	Syan.g_01890
OG0001511	Syaf.g_00894	Syan.g_02983
OG0001512	Syaf.g_02784	Syan.g_02428
OG0001513	Syaf.g_00361	Syan.g_03078
OG0001515	Syaf.g_01472	Syan.g_00505
OG0001516	Syaf.g_02133	Syan.g_00767, Syan.g_00172
OG0001517	Syaf.g_00022	Syan.g_02143
OG0001518	Syaf.g_00632	Syan.g_01582
OG0001519	Syaf.g_00619	Syan.g_01592
OG0001520	Syaf.g_02600	Syan.g_00943
OG0001522	Syaf.g_01387	Syan.g_00464
OG0001527	Syaf.g_02609	Syan.g_00867
OG0001528	Syaf.g_01205	Syan.g_01818
OG0001529	Syaf.g_00448	Syan.g_01730
OG0001530	Syaf.g_00896	Syan.g_02981
OG0001531	Syaf.g_02783	Syan.g_01511, Syan.g_02436
OG0001532	Syaf.g_01595	Syan.g_02637
OG0001533	Syaf.g_02543, Syaf.g_02533	Syan.g_02390
OG0001534	Syaf.g_01951	Syan.g_00344
OG0001535	Syaf.g_01931	Syan.g_00362
OG0001536	Syaf.g_01856	Syan.g_00560
OG0001537	Syaf.g_02086	Syan.g_00729
OG0001538	Syaf.g_02044	Syan.g_00685
OG0001539	Syaf.g_02111	Syan.g_00750
OG0001540	Syaf.g_00862	Syan.g_02284
OG0001541	Syaf.g_00795	Syan.g_03048
OG0001542	Syaf.g_00785	Syan.g_03059
OG0001543	Syaf.g_00726	Syan.g_03110
OG0001544	Syaf.g_00620	Syan.g_01591
OG0001545	Syaf.g_00534	Syan.g_01661
OG0001547	Syaf.g_01777	Syan.g_00462
OG0001549	Syaf.g_01326	Syan.g_00077
OG0001554	Syaf.g_00648	Syan.g_00282
OG0001556	Syaf.g_01604	Syan.g_02338, Syan.g_00149, Syan.g_00276
OG0001557	Syaf.g_02080	Syan.g_00721
OG0001558	Syaf.g_00478	Syan.g_01760
OG0001559	Syaf.g_00897	Syan.g_02980
OG0001560	Syaf.g_00911	Syan.g_02969
OG0001561	Syaf.g_01937	Syan.g_00356
OG0001562	Syaf.g_01923	Syan.g_00650
OG0001563	Syaf.g_00094	Syan.g_02200
OG0001564	Syaf.g_00565	Syan.g_00082
OG0001567	Syaf.g_01776	Syan.g_00461
OG0001568	Syaf.g_01779	Syan.g_00463
OG0001570	Syaf.g_00978	Syan.g_00636
OG0001574	Syaf.g_02611	Syan.g_00865
OG0001575	Syaf.g_02606	Syan.g_00870
OG0001576	Syaf.g_02545	Syan.g_01242
OG0001577	Syaf.g_01284	Syan.g_02701
OG0001578	Syaf.g_02260, Syaf.g_01625	Syan.g_01652
OG0001580	Syaf.g_00662	Syan.g_01551
OG0001588	Syaf.g_00343	Syan.g_02262
OG0001589	Syaf.g_01173	Syan.g_01463
OG0001590	Syaf.g_01632, Syaf.g_02316	Syan.g_00821
OG0001591	Syaf.g_02122	Syan.g_00756
OG0001592	Syaf.g_00661	Syan.g_01552
OG0001614	Syaf.g_00380	Syan.g_01905
OG0001616	Syaf.g_01610	Syan.g_02649
OG0001617	Syaf.g_01465	Syan.g_01033
OG0001618	Syaf.g_01969	Syan.g_02462, Syan.g_02535, Syan.g_02536, Syan.g_00329
OG0001619	Syaf.g_01845	Syan.g_00549
OG0001620	Syaf.g_00010	Syan.g_02131
OG0001621	Syaf.g_00205	Syan.g_02064
OG0001622	Syaf.g_00525	Syan.g_01686
OG0001623	Syaf.g_00035	Syan.g_00212, Syan.g_02158
OG0001624	Syaf.g_00613	Syan.g_00135
OG0001625	Syaf.g_00211	Syan.g_02057
OG0001634	Syaf.g_02127	Syan.g_00761
OG0001635	Syaf.g_00412	Syan.g_01876
OG0001636	Syaf.g_00456	Syan.g_01738
OG0001637	Syaf.g_01162	Syan.g_01295
OG0001639	Syaf.g_01108	Syan.g_02407
OG0001640	Syaf.g_01408	Syan.g_00309
OG0001641	Syaf.g_01907	Syan.g_00606
OG0001642	Syaf.g_01336	Syan.g_02603
OG0001643	Syaf.g_02305	Syan.g_00811
OG0001644	Syaf.g_01962	Syan.g_00336
OG0001645	Syaf.g_01780, Syaf.g_02272	Syan.g_00423
OG0001647	Syaf.g_00234	Syan.g_02032
OG0001652	Syaf.g_00480	Syan.g_01762
OG0001653	Syaf.g_00507	Syan.g_00521, Syan.g_02960, Syan.g_02959
OG0001654	Syaf.g_01110	Syan.g_02409
OG0001655	Syaf.g_01507, Syaf.g_02190	Syan.g_00416
OG0001657	Syaf.g_00822	Syan.g_03019
OG0001658	Syaf.g_00647	Syan.g_01564
OG0001659	Syaf.g_01602	Syan.g_02642
OG0001660	Syaf.g_00885, Syaf.g_00889, Syaf.g_02814	Syan.g_02309, Syan.g_02629, Syan.g_02987
OG0001671	Syaf.g_00721	Syan.g_01514
OG0001672	Syaf.g_00949	Syan.g_02921
OG0001673	Syaf.g_02792	Syan.g_02896
OG0001675	Syaf.g_01921	Syan.g_00632
OG0001677	Syaf.g_00068, Syaf.g_01597	Syan.g_02165
OG0001678	Syaf.g_00174	Syan.g_02109
OG0001679	Syaf.g_02602, Syaf.g_02601	Syan.g_02307
OG0001680	Syaf.g_01308, Syaf.g_01016	Syan.g_01424
OG0001682	Syaf.g_02264, Syaf.g_01972	Syan.g_00327
OG0001691	Syaf.g_02349	Syan.g_01609
OG0001692	Syaf.g_02408	Syan.g_01284
OG0001693	Syaf.g_01443	Syan.g_00196
OG0001694	Syaf.g_00246	Syan.g_02021
OG0001695	Syaf.g_00540	Syan.g_01656
OG0001700	Syaf.g_02162, Syaf.g_02178	Syan.g_00938
OG0001702	Syaf.g_00930	Syan.g_02948
OG0001703	Syaf.g_02731	Syan.g_02770
OG0001712	Syaf.g_01712	Syan.g_00786
OG0001714	Syaf.g_00981	Syan.g_00476, Syan.g_02787, Syan.g_02788
OG0001715	Syaf.g_02249	Syan.g_00415
OG0001716	Syaf.g_01339	Syan.g_00662
OG0001717	Syaf.g_00809	Syan.g_03034
OG0001726	Syaf.g_01751	Syan.g_00041
OG0001729	Syaf.g_02780	Syan.g_01506, Syan.g_02440
OG0001730	Syaf.g_02777	Syan.g_00979
OG0001731	Syaf.g_01089	Syan.g_01353
OG0001732	Syaf.g_01580	Syan.g_01704, Syan.g_02602
OG0001733	Syaf.g_02119	Syan.g_00275
OG0001735	Syaf.g_00506, Syaf.g_02140	Syan.g_00775
OG0001737	Syaf.g_00265	Syan.g_02002
OG0001738	Syaf.g_00298	Syan.g_01970
OG0001739	Syaf.g_00542	Syan.g_01654
OG0001740	Syaf.g_00537	Syan.g_01659
OG0001741	Syaf.g_02250	Syan.g_00789
OG0001747	Syaf.g_00841	Syan.g_02260
OG0001748	Syaf.g_00719	Syan.g_01516
OG0001750	Syaf.g_00923	Syan.g_02955, Syan.g_01139
OG0001751	Syaf.g_02793, Syaf.g_01781	Syan.g_02897
OG0001752	Syaf.g_01153	Syan.g_01481
OG0001754	Syaf.g_01160	Syan.g_01297
OG0001755	Syaf.g_02679	Syan.g_02719
OG0001761	Syaf.g_02366	Syan.g_00207
OG0001762	Syaf.g_01914	Syan.g_00625
OG0001763	Syaf.g_01901	Syan.g_00598
OG0001764	Syaf.g_01784	Syan.g_00467
OG0001765	Syaf.g_01644, Syaf.g_01121	Syan.g_00144
OG0001766	Syaf.g_00271	Syan.g_01996
OG0001769	Syaf.g_02291	Syan.g_00794
OG0001771	Syaf.g_01656	Syan.g_01176
OG0001783	Syaf.g_00385	Syan.g_01899
OG0001784	Syaf.g_00929	Syan.g_02950
OG0001785	Syaf.g_01161	Syan.g_01296
OG0001786	Syaf.g_01071	Syan.g_01372
OG0001787	Syaf.g_02655	Syan.g_01167
OG0001788	Syaf.g_02652	Syan.g_01164
OG0001789	Syaf.g_01255	Syan.g_01212
OG0001790	Syaf.g_01279	Syan.g_02707
OG0001792	Syaf.g_01572	Syan.g_02595
OG0001794	Syaf.g_01944	Syan.g_00347
OG0001796	Syaf.g_01925	Syan.g_00371
OG0001797	Syaf.g_01817	Syan.g_00541
OG0001798	Syaf.g_02333	Syan.g_00990, Syan.g_00005
OG0001799	Syaf.g_02294	Syan.g_00797
OG0001800	Syaf.g_02386	Syan.g_01305
OG0001801	Syaf.g_02394	Syan.g_01293
OG0001803	Syaf.g_01225	Syan.g_01341
OG0001804	Syaf.g_02805	Syan.g_02318
OG0001805	Syaf.g_00195	Syan.g_00039, Syan.g_00262
OG0001806	Syaf.g_00233	Syan.g_02033
OG0001807	Syaf.g_00334	Syan.g_01955
OG0001808	Syaf.g_00347	Syan.g_01948
OG0001809	Syaf.g_00967	Syan.g_02903
OG0001810	Syaf.g_00849	Syan.g_02265
OG0001811	Syaf.g_00788	Syan.g_03056
OG0001812	Syaf.g_00660	Syan.g_01553
OG0001813	Syaf.g_00607	Syan.g_01613
OG0001815	Syaf.g_00503	Syan.g_00525
OG0001816	Syaf.g_02117	Syan.g_00754
OG0001837	Syaf.g_00720	Syan.g_01515
OG0001838	Syaf.g_00490	Syan.g_01772
OG0001839	Syaf.g_00460	Syan.g_01742
OG0001840	Syaf.g_00442	Syan.g_01724
OG0001841	Syaf.g_00435	Syan.g_01717
OG0001843	Syaf.g_00379	Syan.g_01906
OG0001844	Syaf.g_00378	Syan.g_01907
OG0001845	Syaf.g_00377	Syan.g_01911
OG0001846	Syaf.g_00873	Syan.g_02296
OG0001847	Syaf.g_00875	Syan.g_02298
OG0001848	Syaf.g_00879	Syan.g_02302
OG0001849	Syaf.g_00936	Syan.g_02941
OG0001850	Syaf.g_00947	Syan.g_02923
OG0001851	Syaf.g_00953	Syan.g_02917
OG0001852	Syaf.g_00954	Syan.g_02916
OG0001853	Syaf.g_00961	Syan.g_02909
OG0001854	Syaf.g_02788	Syan.g_02424
OG0001856	Syaf.g_01059	Syan.g_01376
OG0001857	Syaf.g_01062	Syan.g_01373
OG0001858	Syaf.g_01096	Syan.g_01347
OG0001859	Syaf.g_02743	Syan.g_02783
OG0001860	Syaf.g_02729	Syan.g_02768
OG0001861	Syaf.g_02714	Syan.g_02757
OG0001862	Syaf.g_02703	Syan.g_02745
OG0001863	Syaf.g_02698	Syan.g_02739
OG0001864	Syaf.g_02644	Syan.g_01158
OG0001865	Syaf.g_02572	Syan.g_00957
OG0001866	Syaf.g_02549	Syan.g_01019
OG0001867	Syaf.g_02368	Syan.g_01021
OG0001868	Syaf.g_01251	Syan.g_01217
OG0001869	Syaf.g_01283	Syan.g_02702
OG0001870	Syaf.g_01291	Syan.g_02692
OG0001871	Syaf.g_01297	Syan.g_02684
OG0001872	Syaf.g_01566	Syan.g_02589
OG0001873	Syaf.g_01609	Syan.g_02648
OG0001874	Syaf.g_01612	Syan.g_02651
OG0001877	Syaf.g_01471	Syan.g_00504
OG0001878	Syaf.g_01918	Syan.g_00629
OG0001879	Syaf.g_01912	Syan.g_00621
OG0001880	Syaf.g_01866	Syan.g_00569
OG0001881	Syaf.g_01864	Syan.g_00568
OG0001882	Syaf.g_01840	Syan.g_00544
OG0001883	Syaf.g_01816	Syan.g_00529
OG0001884	Syaf.g_01807	Syan.g_00494
OG0001885	Syaf.g_01789	Syan.g_00473
OG0001886	Syaf.g_01785	Syan.g_00468
OG0001887	Syaf.g_02095	Syan.g_02677
OG0001888	Syaf.g_02073	Syan.g_00716
OG0001889	Syaf.g_02033	Syan.g_00674
OG0001890	Syaf.g_01370	Syan.g_00394
OG0001891	Syaf.g_01366	Syan.g_00399
OG0001892	Syaf.g_01333	Syan.g_00516
OG0001893	Syaf.g_02332	Syan.g_00004
OG0001894	Syaf.g_02311	Syan.g_00817
OG0001895	Syaf.g_02390	Syan.g_01300
OG0001896	Syaf.g_01220	Syan.g_02388
OG0001897	Syaf.g_00013	Syan.g_02134
OG0001898	Syaf.g_00029	Syan.g_02153
OG0001899	Syaf.g_00105	Syan.g_02211
OG0001900	Syaf.g_00218	Syan.g_02049
OG0001901	Syaf.g_00219	Syan.g_02048
OG0001902	Syaf.g_00251	Syan.g_02017
OG0001903	Syaf.g_00260	Syan.g_02008
OG0001904	Syaf.g_00336	Syan.g_01952
OG0001905	Syaf.g_00349	Syan.g_01942
OG0001906	Syaf.g_00861	Syan.g_02282
OG0001907	Syaf.g_00844	Syan.g_00148
OG0001908	Syaf.g_00793	Syan.g_03050
OG0001909	Syaf.g_00780	Syan.g_03064
OG0001910	Syaf.g_00715	Syan.g_01520
OG0001912	Syaf.g_00638	Syan.g_01575
OG0001913	Syaf.g_00636	Syan.g_01577
OG0001914	Syaf.g_01621	Syan.g_01144
OG0001915	Syaf.g_00509	Syan.g_01702
OG0001917	Syaf.g_01932	Syan.g_00361
OG0001918	Syaf.g_00547	Syan.g_01607
OG0001924	Syaf.g_02355	Syan.g_00021
OG0001925	Syaf.g_02356	Syan.g_00022
OG0001926	Syaf.g_02357	Syan.g_00023
OG0001927	Syaf.g_02362	Syan.g_00024
OG0001929	Syaf.g_00428	Syan.g_01710
OG0001932	Syaf.g_00381	Syan.g_01904
OG0001933	Syaf.g_00900	Syan.g_02976
OG0001934	Syaf.g_00915	Syan.g_02968
OG0001935	Syaf.g_00956	Syan.g_02914
OG0001936	Syaf.g_01689	Syan.g_00425
OG0001937	Syaf.g_01081	Syan.g_01361
OG0001938	Syaf.g_02727	Syan.g_02766
OG0001939	Syaf.g_01475	Syan.g_01324
OG0001940	Syaf.g_02585	Syan.g_00941
OG0001941	Syaf.g_01246	Syan.g_01221
OG0001944	Syaf.g_01498	Syan.g_02679
OG0001947	Syaf.g_01406	Syan.g_03108
OG0001948	Syaf.g_01903	Syan.g_00600
OG0001949	Syaf.g_01882	Syan.g_00578
OG0001950	Syaf.g_01880	Syan.g_00576
OG0001951	Syaf.g_01863	Syan.g_00567
OG0001952	Syaf.g_01839	Syan.g_00543
OG0001953	Syaf.g_01838	Syan.g_00542
OG0001954	Syaf.g_01746	Syan.g_00547
OG0001957	Syaf.g_02327	Syan.g_01137
OG0001958	Syaf.g_02138	Syan.g_00773
OG0001961	Syaf.g_02503	Syan.g_02851
OG0001962	Syaf.g_00699	Syan.g_02328
OG0001964	Syaf.g_00161	Syan.g_02122
OG0001966	Syaf.g_00213	Syan.g_02055
OG0001967	Syaf.g_00215	Syan.g_02053
OG0001968	Syaf.g_00216	Syan.g_02052
OG0001969	Syaf.g_00278	Syan.g_01989
OG0001970	Syaf.g_00859	Syan.g_02280
OG0001971	Syaf.g_00782	Syan.g_03062
OG0001972	Syaf.g_00703	Syan.g_01532
OG0001974	Syaf.g_00650	Syan.g_00279
OG0001975	Syaf.g_01620	Syan.g_01145
OG0001976	Syaf.g_01622	Syan.g_01143
OG0001978	Syaf.g_00202, Syaf.g_00199, Syaf.g_00200	Syan.g_01808
OG0001979	Syaf.g_01474	Syan.g_00402
OG0001980	Syaf.g_00033	Syan.g_02152
OG0001981	Syaf.g_00750, Syaf.g_00744, Syaf.g_02227	Syan.g_00218
OG0001990	Syaf.g_00536	Syan.g_01660
OG0001993	Syaf.g_02353	Syan.g_00019
OG0001994	Syaf.g_02354	Syan.g_00020
OG0001995	Syaf.g_01487	Syan.g_02683
OG0001996	Syaf.g_00464	Syan.g_01746
OG0001997	Syaf.g_00925	Syan.g_02953
OG0001999	Syaf.g_01184	Syan.g_01453
OG0002000	Syaf.g_02677	Syan.g_01195
OG0002002	Syaf.g_01567	Syan.g_02590
OG0002004	Syaf.g_02764	Syan.g_00433, Syan.g_02359, Syan.g_02490
OG0002006	Syaf.g_01405	Syan.g_02104, Syan.g_03107
OG0002007	Syaf.g_01404	Syan.g_00310
OG0002008	Syaf.g_01916	Syan.g_00627
OG0002009	Syaf.g_02084	Syan.g_00726
OG0002010	Syaf.g_02454	Syan.g_02819
OG0002011	Syaf.g_02799	Syan.g_02576
OG0002013	Syaf.g_00341	Syan.g_02930
OG0002014	Syaf.g_00328	Syan.g_01958
OG0002016	Syaf.g_00722	Syan.g_03114
OG0002017	Syaf.g_00599	Syan.g_01624
OG0002018	Syaf.g_00538	Syan.g_01658
OG0002020	Syaf.g_00544	Syan.g_01671
OG0002021	Syaf.g_00546	Syan.g_01673
OG0002022	Syaf.g_00549	Syan.g_01674
OG0002023	Syaf.g_00550	Syan.g_01675
OG0002024	Syaf.g_00556	Syan.g_01667
OG0002029	Syaf.g_01511	Syan.g_02340
OG0002037	Syaf.g_02723	Syan.g_02857
OG0002039	Syaf.g_01312	Syan.g_02665
OG0002040	Syaf.g_01313	Syan.g_02663
OG0002041	Syaf.g_01898	Syan.g_00596
OG0002042	Syaf.g_01869	Syan.g_00572
OG0002043	Syaf.g_01800	Syan.g_00483
OG0002044	Syaf.g_01390	Syan.g_00652
OG0002046	Syaf.g_02510	Syan.g_02870
OG0002047	Syaf.g_02809	Syan.g_02314
OG0002048	Syaf.g_00072	Syan.g_02169
OG0002049	Syaf.g_00153	Syan.g_02128
OG0002050	Syaf.g_00224	Syan.g_02042
OG0002051	Syaf.g_00796	Syan.g_03047
OG0002053	Syaf.g_02170	Syan.g_00069
OG0002054	Syaf.g_00557	Syan.g_01668
OG0002055	Syaf.g_00554	Syan.g_01664
OG0002056	Syaf.g_00261	Syan.g_02007
OG0002111	Syaf.g_02492, Syaf.g_01126, Syaf.g_01525	Syan.g_00413
OG0002113	Syaf.g_00459	Syan.g_01741
OG0002115	Syaf.g_01045	Syan.g_01391
OG0002116	Syaf.g_01076	Syan.g_01366
OG0002117	Syaf.g_01305	Syan.g_02673
OG0002118	Syaf.g_01577	Syan.g_02599
OG0002123	Syaf.g_01978	Syan.g_00321
OG0002124	Syaf.g_01342	Syan.g_00400
OG0002126	Syaf.g_00323	Syan.g_00063
OG0002127	Syaf.g_00840	Syan.g_03001, Syan.g_03002
OG0002128	Syaf.g_01619	Syan.g_02541
OG0002129	Syaf.g_02430	Syan.g_01329
OG0002130	Syaf.g_01256	Syan.g_01211
OG0002131	Syaf.g_00545	Syan.g_01672
OG0002132	Syaf.g_00553	Syan.g_01663
OG0002133	Syaf.g_00555	Syan.g_01665
OG0002134	Syaf.g_00371	Syan.g_01917
OG0002135	Syaf.g_01003	Syan.g_01437
OG0002136	Syaf.g_01004	Syan.g_01436
OG0002138	Syaf.g_01476	Syan.g_02671
OG0002139	Syaf.g_01550	Syan.g_02551
OG0002142	Syaf.g_02395	Syan.g_01292
OG0002143	Syaf.g_02802	Syan.g_00538
OG0002144	Syaf.g_00147	Syan.g_01138
OG0002154	Syaf.g_00843	Syan.g_00846
OG0002159	Syaf.g_00943, Syaf.g_00400	Syan.g_02957
OG0002160	Syaf.g_01485	Syan.g_01474
OG0002163	Syaf.g_00623	Syan.g_01588
OG0002167	Syaf.g_02647	Syan.g_02931
OG0002168	Syaf.g_01407	Syan.g_03109
OG0002169	Syaf.g_02810	Syan.g_02313
OG0002170	Syaf.g_00027	Syan.g_02148
OG0002172	Syaf.g_00718	Syan.g_01517
OG0002174	Syaf.g_00598	Syan.g_01153
OG0002178	Syaf.g_00552	Syan.g_01662
OG0002179	Syaf.g_00352	Syan.g_01939
OG0002180	Syaf.g_00252	Syan.g_02016
OG0002181	Syaf.g_00221	Syan.g_02045
OG0002182	Syaf.g_00203	Syan.g_01370
OG0002183	Syaf.g_00934	Syan.g_02944
OG0002184	Syaf.g_00937	Syan.g_02940
OG0002185	Syaf.g_00946	Syan.g_02924
OG0002186	Syaf.g_01005	Syan.g_01435
OG0002187	Syaf.g_01006	Syan.g_01434
OG0002188	Syaf.g_01042	Syan.g_01394
OG0002189	Syaf.g_01043	Syan.g_01393
OG0002190	Syaf.g_01090	Syan.g_01352
OG0002191	Syaf.g_01212	Syan.g_02391
OG0002192	Syaf.g_01315	Syan.g_02664
OG0002194	Syaf.g_01554	Syan.g_02577
OG0002196	Syaf.g_02062	Syan.g_00705
OG0002197	Syaf.g_01906	Syan.g_00605
OG0002198	Syaf.g_02290	Syan.g_00793
OG0002199	Syaf.g_02295	Syan.g_00798
OG0002200	Syaf.g_02416	Syan.g_01275
OG0002201	Syaf.g_02551	Syan.g_01017
OG0002202	Syaf.g_02552	Syan.g_01016
OG0002203	Syaf.g_02553	Syan.g_01015
OG0002204	Syaf.g_02570	Syan.g_00959
OG0002205	Syaf.g_02587	Syan.g_00883
OG0002206	Syaf.g_02603	Syan.g_00269, Syan.g_00873
OG0002207	Syaf.g_02613	Syan.g_00863
OG0002208	Syaf.g_02730	Syan.g_02769
OG0002209	Syaf.g_00015	Syan.g_02136
OG0002210	Syaf.g_00064	Syan.g_02161
OG0002211	Syaf.g_00101	Syan.g_02207
OG0002212	Syaf.g_00663	Syan.g_01550
OG0002213	Syaf.g_00658	Syan.g_01554
OG0002214	Syaf.g_00522	Syan.g_01689
OG0002231	Syaf.g_01265	Syan.g_00837
OG0002239	Syaf.g_01623	Syan.g_01177
OG0002241	Syaf.g_02512	Syan.g_02871
OG0002243	Syaf.g_00667	Syan.g_01545
OG0002244	Syaf.g_01663	Syan.g_00387
OG0002245	Syaf.g_02800	Syan.g_00536
OG0002247	Syaf.g_02594	Syan.g_00877
OG0002248	Syaf.g_01466	Syan.g_00727
OG0002250	Syaf.g_00933	Syan.g_02945
OG0002251	Syaf.g_01094	Syan.g_01348
OG0002253	Syaf.g_01266	Syan.g_01201
OG0002254	Syaf.g_01949	Syan.g_00346
OG0002255	Syaf.g_01890	Syan.g_00587
OG0002257	Syaf.g_02266	Syan.g_00407
OG0002258	Syaf.g_02571	Syan.g_00958
OG0002259	Syaf.g_02650	Syan.g_01162
OG0002260	Syaf.g_01549	Syan.g_02550
OG0002281	Syaf.g_02586	Syan.g_00885
OG0002285	Syaf.g_01812	Syan.g_00499
OG0002286	Syaf.g_00682	Syan.g_02249
OG0002289	Syaf.g_02514	Syan.g_02873
OG0002290	Syaf.g_01600	Syan.g_00113
OG0002291	Syaf.g_00787	Syan.g_03057
OG0002296	Syaf.g_02449	Syan.g_02814
OG0002297	Syaf.g_01493	Syan.g_01266
OG0002298	Syaf.g_01886	Syan.g_00582
OG0002299	Syaf.g_01841	Syan.g_00545
OG0002300	Syaf.g_01749	Syan.g_00134
OG0002301	Syaf.g_02326	Syan.g_00426
OG0002302	Syaf.g_02745	Syan.g_02785
OG0002303	Syaf.g_02801	Syan.g_00537
OG0002305	Syaf.g_00898	Syan.g_02979
OG0002306	Syaf.g_00551	Syan.g_00129
OG0002309	Syaf.g_01382	Syan.g_00377
OG0002328	Syaf.g_00920	Syan.g_02961
OG0002330	Syaf.g_01624	Syan.g_00288
OG0002339	Syaf.g_00342	Syan.g_02261
OG0002343	Syaf.g_00189	Syan.g_02093
OG0002351	Syaf.g_00277	Syan.g_01990
OG0002352	Syaf.g_01300	Syan.g_00287, Syan.g_02415
OG0002353	Syaf.g_02036	Syan.g_00677
OG0002354	Syaf.g_01862	Syan.g_00566
OG0002355	Syaf.g_01999	Syan.g_00649
OG0002356	Syaf.g_02529	Syan.g_02877
OG0002357	Syaf.g_00595	Syan.g_01388
OG0002358	Syaf.g_01211	Syan.g_02394
OG0002359	Syaf.g_02457	Syan.g_02822
OG0002360	Syaf.g_02205	Syan.g_00143
OG0002385	Syaf.g_00680	Syan.g_02248
OG0002396	Syaf.g_00128	Syan.g_02234
OG0002404	Syaf.g_01968	Syan.g_02089
OG0002405	Syaf.g_01797	Syan.g_00478
OG0002406	Syaf.g_02236	Syan.g_00349
OG0002407	Syaf.g_01668	Syan.g_00784
OG0002408	Syaf.g_02261	Syan.g_00457
OG0002409	Syaf.g_00602	Syan.g_01620
OG0002410	Syaf.g_02248	Syan.g_01681
OG0002411	Syaf.g_01393	Syan.g_00655
OG0002443	Syaf.g_00738	Syan.g_00620
OG0002449	Syaf.g_00539	Syan.g_01657
OG0002452	Syaf.g_00541	Syan.g_01655
OG0002458	Syaf.g_00564	Syan.g_00083
OG0002459	Syaf.g_00566	Syan.g_00081
OG0002460	Syaf.g_00567	Syan.g_00080
OG0002466	Syaf.g_01158	Syan.g_01475
OG0002468	Syaf.g_01552	Syan.g_02559
OG0002469	Syaf.g_01575	Syan.g_02597
OG0002470	Syaf.g_01628	Syan.g_00154
OG0002471	Syaf.g_01718	Syan.g_00522
OG0002474	Syaf.g_00148	Syan.g_00368
OG0002475	Syaf.g_02456	Syan.g_02821
OG0002476	Syaf.g_01670	Syan.g_00318
OG0002498	Syaf.g_00395	Syan.g_00261
OG0002519	Syaf.g_00356	Syan.g_01934
OG0002520	Syaf.g_01020	Syan.g_01420
OG0002529	Syaf.g_01719	Syan.g_00458
OG0002531	Syaf.g_02225	Syan.g_00220, Syan.g_00219
OG0002537	Syaf.g_00774	Syan.g_03070
OG0002540	Syaf.g_00563	Syan.g_00084
OG0002541	Syaf.g_00065	Syan.g_02162
OG0002542	Syaf.g_01222	Syan.g_00109
OG0002547	Syaf.g_02532	Syan.g_00403
OG0002568	Syaf.g_00973	Syan.g_01735
OG0002581	Syaf.g_02010, Syaf.g_01870	Syan.g_02800
OG0002591	Syaf.g_01540	Syan.g_00132
OG0002597	Syaf.g_01753	Syan.g_01447
OG0002603	Syaf.g_02255	Syan.g_00182
OG0002610	Syaf.g_00025	Syan.g_02146
OG0002611	Syaf.g_02171, Syaf.g_00354	Syan.g_01936
OG0002647	Syaf.g_00685	Syan.g_01546
OG0002667	Syaf.g_02254	Syan.g_02838
OG0002675	Syaf.g_00149	Syan.g_00548
OG0002683	Syaf.g_02518	Syan.g_02864, Syan.g_02862
OG0002684	Syaf.g_00618	Syan.g_03097, Syan.g_01593
OG0002685	Syaf.g_01699	Syan.g_00447
OG0002705	Syaf.g_00971	Syan.g_02786
OG0002731	Syaf.g_01092	Syan.g_00342
OG0002737	Syaf.g_01183	Syan.g_01454
OG0002752	Syaf.g_00548	Syan.g_01608
OG0002756	Syaf.g_01520	Syan.g_00427
OG0002799	Syaf.g_01347	Syan.g_00112
OG0002870	Syaf.g_00340	Syan.g_02929
OG0002874	Syaf.g_02435	Syan.g_00982
OG0002875	Syaf.g_02436	Syan.g_00983
OG0002876	Syaf.g_02438	Syan.g_00985
OG0002877	Syaf.g_02440	Syan.g_00987
OG0002878	Syaf.g_02441	Syan.g_00988
OG0002965	Syaf.g_01655	Syan.g_01536
OG0002991	Syaf.g_02437	Syan.g_00984
OG0002992	Syaf.g_02439	Syan.g_00986
OG0002995	Syaf.g_01657	Syan.g_00410
OG0003068	Syaf.g_00201	Syan.g_01809
OG0003131	Syaf.g_02342	Syan.g_00025
OG0003134	Syaf.g_00396	Syan.g_02935
OG0003147	Syaf.g_01831	Syan.g_01498, Syan.g_02447
OG0003214	Syaf.g_00696	Syan.g_02073
OG0003306	Syaf.g_02520	Syan.g_02866
OG0003545	Syaf.g_02214	Syan.g_00093
OG0003569	Syaf.g_00690	Syan.g_01537, Syan.g_01538
OG0003572	Syaf.g_02541	Syan.g_03093
OG0003880	Syaf.g_02343	Syan.g_00026
OG0003881	Syaf.g_02345	Syan.g_00030
OG0003882	Syaf.g_02346	Syan.g_00036
OG0003922	Syaf.g_00303	Syan.g_01080
OG0003926	Syaf.g_00508	Syan.g_01142
OG0003933	Syaf.g_02763	Syan.g_00408
OG0004346	Syaf.g_02200, Syaf.g_00629	Syan.g_00027
OG0004387	Syaf.g_00975	Syan.g_01327
OG0004394	Syaf.g_02519, Syaf.g_02522	Syan.g_02865
OG0005126	Syaf.g_01505	Syan.g_00045
OG0005138	Syaf.g_02149	Syan.g_02453, Syan.g_01492
OG0006018	Syaf.g_02174	Syan.g_00139
OG0006019	Syaf.g_02175	Syan.g_00140
OG0006020	Syaf.g_02176	Syan.g_00141
OG0006021	Syaf.g_02194	Syan.g_01025
OG0006023	Syaf.g_02203	Syan.g_00142
